# timestamp x y z qx qy qz qw
1305031453.404816 1.3147174091779474 0.8404908964024947 1.5246829256219085 0.8902529525288979 0.21963457477390527 -0.08528837479998823 -0.3897899783235097
1305031453.436941 1.3196927659270057 0.8345010752240729 1.5279594495568727 0.8922004306241154 0.2088396861096817 -0.08450171257987404 -0.3914381658331502
1305031453.473352 1.3298321307971575 0.8274327529824578 1.532855280993291 0.8929318207015218 0.19853862545081152 -0.08356108720928013 -0.39531344840160826
1305031453.505218 1.3377778986537978 0.8174904147943081 1.539548767649198 0.8937903878882368 0.1868513249242919 -0.08196207177060887 -0.3993839552156564
1305031453.538301 1.3410337173795879 0.8041647151099783 1.545034656922515 0.8930964093619732 0.1755460342470806 -0.08083021227054026 -0.4062374554729943
1305031453.574074 1.346769897904608 0.791326870418863 1.5504297222566172 0.8914548818778057 0.16759838060627597 -0.08193448797976219 -0.41292337796966094
1305031453.605314 1.3536600046562852 0.7757160143202181 1.554583739626251 0.8888441950434962 0.16178549836433886 -0.08255875477278973 -0.4206726773476598
1305031453.636951 1.3536990793474701 0.7585580836049857 1.5608234490646808 0.8867618465520555 0.15640014274470185 -0.08315021714260146 -0.42694082053390514
1305031453.673185 1.353998490923156 0.7413749368440954 1.5671978065022518 0.8830761640272619 0.1579728054643228 -0.08688698840467554 -0.4332109561248348
1305031453.705487 1.3582360598273306 0.7226321010751926 1.5691566455305508 0.8785655247441407 0.16304754498499174 -0.09183430250264764 -0.43943665947354926
1305031453.736856 1.3601816881770072 0.7044645836906939 1.5732978259315609 0.8754541591411945 0.16889416247621014 -0.09565936014088672 -0.4426105104279379
1305031453.773786 1.3550679203491174 0.6872779874123935 1.579056501385114 0.871855100446999 0.17800548558815527 -0.1000810938132013 -0.44515896664700766
1305031453.805041 1.36078199506079 0.6704431139101876 1.579051277502953 0.8669822388690295 0.18840987468005777 -0.10823643986411415 -0.44847339909322625
1305031453.840352 1.3571265994685378 0.6528067949622827 1.5838687734207637 0.8641879506395377 0.19635978920171607 -0.11218707926156557 -0.44948423598703985
1305031453.869618 1.3505623347355082 0.6359119960055273 1.5852805890861674 0.8608025638418781 0.2068112244386697 -0.12022171730237188 -0.44921576354608955
1305031453.905519 1.3513342008135685 0.6216217499759963 1.5877189155200373 0.8577368190906238 0.21969793017751874 -0.13341909633532334 -0.44521872533068346
1305031453.940012 1.3484745900866166 0.6072707431135564 1.5922015241978174 0.8560395356602513 0.230672027342432 -0.14798353119943605 -0.43827799817246044
1305031453.972592 1.3416975228236756 0.5960297084542527 1.5954193139510375 0.853807522440772 0.2427700825716396 -0.16036379655969413 -0.431693009422982
1305031454.003179 1.3374580842844737 0.5921754748159326 1.6006517686943322 0.8508454697897456 0.2576264517064328 -0.16788887255526488 -0.42603277384673394
1305031454.040976 1.3324217629003305 0.5833119597885049 1.6049954526131127 0.8456866222505528 0.2709103373882667 -0.17627143339043963 -0.42467647428731686
1305031454.07269 1.3243739455181942 0.5736105625194408 1.6008257430153208 0.8399717633236892 0.28474973949368754 -0.18295380943035952 -0.4241378623656335
1305031454.104619 1.3144725518183662 0.5671556244041954 1.6046902952187392 0.8347543747891211 0.3009638653460042 -0.18802566183722788 -0.4210133442268645
1305031454.14103 1.3111124909136502 0.5588996951343052 1.6084038327045709 0.8266911371951877 0.31793356432618225 -0.19718150172755397 -0.42026118989771516
1305031454.172688 1.3018407424989336 0.5467727364055466 1.6067349314714097 0.8196259272435259 0.3335260291450433 -0.2055661179415846 -0.4179907874910124
1305031454.204626 1.294935866291594 0.5399799986882405 1.608248109437731 0.8130900456454564 0.35137235990919713 -0.21472076827534622 -0.41148151117074067
1305031454.240858 1.2849234508671552 0.5448559923743128 1.6111526393744622 0.8035571795350799 0.37235725093476496 -0.22557908229675136 -0.40590641104087943
1305031454.273489 1.2752681466566271 0.5382539479661247 1.6011865523979187 0.7906626435088843 0.39083506321090244 -0.23246095754586427 -0.4099541934671883
1305031454.304744 1.2691017528830042 0.5290854035485286 1.5955373534799886 0.7845134155934481 0.4038632153256729 -0.23392967336689224 -0.4083014964204393
1305031454.340806 1.259754608533384 0.5268493486607485 1.6047094326721572 0.7776074669135746 0.41970069929401715 -0.23729065779540548 -0.4035729105569287
1305031454.372652 1.2532003741503193 0.5224487756935612 1.5994332817061692 0.7650637855175819 0.43579091219220173 -0.24390338456780639 -0.40654006436827944
1305031454.401962 1.248467040638558 0.5106761228015971 1.5935220740691953 0.7570631444725335 0.44759829286152725 -0.2459346357070056 -0.40746449964195525
1305031454.437248 1.2430308153064282 0.5025925007233766 1.5932412670071026 0.7470929922074939 0.4632642722743627 -0.25167409495309917 -0.4048437043577398
1305031454.470741 1.239278512627117 0.504574619258886 1.583889047476417 0.7348320142478648 0.48002052849036886 -0.2573764272649452 -0.4041776561768171
1305031454.503859 1.2365999059022037 0.49793302587076543 1.5807252200688824 0.7253220076049268 0.49471640473007855 -0.2558485650472307 -0.4046049628195091
1305031454.538424 1.2371373051743708 0.49168763837595186 1.574819610400057 0.7155099715988006 0.510077986740783 -0.25582514699100667 -0.40301293050246273
1305031454.570323 1.2361527420814657 0.4836621316042714 1.5711562661016332 0.7089921813282472 0.5225743004458013 -0.25518211810164937 -0.39890885416364374
1305031454.602019 1.2324351180471376 0.4766572870425205 1.566206081624626 0.6983398029932544 0.5398845493161013 -0.2572359391269187 -0.39328852587710333
1305031454.639284 1.2343857621737846 0.47460037572340674 1.5644603938628554 0.687827228346755 0.55501897667938 -0.2638502187028459 -0.3863038979366573
1305031454.669573 1.2389482663359719 0.4687166268398289 1.5594799471600742 0.68230698544922 0.5647021966840212 -0.2706514608653905 -0.3772484504923367
1305031454.70203 1.240833406920064 0.46161946921527086 1.556341435416771 0.676492805839576 0.5749298346445821 -0.27769341350528376 -0.36701435527596815
1305031454.740764 1.244352108811632 0.46801470226447317 1.5519250269216527 0.6690803495719854 0.5845769793397618 -0.2881259666517571 -0.35718996120218705
1305031454.772865 1.2506385839084475 0.47355553081245394 1.5470017874206428 0.6704753481835025 0.5846173513586954 -0.29551456850607644 -0.34836259812043846
1305031454.802574 1.25705610331343 0.47171611521233436 1.5433280062273977 0.6751584851510107 0.5802143181694723 -0.29957361889218603 -0.34317344271310674
1305031454.8405 1.2654614918588032 0.4723403444354799 1.5364276518648845 0.6793337764640137 0.576157375118717 -0.30303679303264835 -0.33869898334648024
1305031454.870269 1.2699129600095551 0.47201070096521863 1.533098408142333 0.6867561380848167 0.570841194187182 -0.30169659372032315 -0.33389444912926347
1305031454.901065 1.275588826481679 0.4686274767621446 1.5282283038007096 0.6939680922293763 0.564150958737689 -0.29922677268818704 -0.33257378313613084
1305031454.94024 1.280691163502907 0.4623164411830072 1.523173479963129 0.7010479947101014 0.5578763896480947 -0.29529860178618805 -0.3318197986396758
1305031454.973081 1.283760179272153 0.4541419712889983 1.5216023040820679 0.7081491664930221 0.5518165414007955 -0.2910116296706754 -0.3306591810733822
1305031455.010759 1.2853781349390672 0.4426472543694795 1.5209532246290012 0.7140721859630891 0.5462136325302358 -0.2882556044258187 -0.3296365989830708
1305031455.040446 1.2903585173909544 0.43283418012393493 1.515281248226282 0.7160950521038851 0.5430846145638438 -0.2887456590149535 -0.32998927585058796
1305031455.074282 1.289086892533036 0.4255344124576486 1.510781266022185 0.7189699059685313 0.5407386873215941 -0.2867012315410333 -0.3293726615524967
1305031455.11034 1.2900628902174633 0.4154578515467577 1.5087265638382334 0.7201217009576187 0.5385391494350921 -0.2844285526332093 -0.3324164839213173
1305031455.1427 1.2915987286387591 0.4037959557446974 1.5032932665318195 0.7220104965782237 0.5355716499294948 -0.2816054388740938 -0.3355029469605217
1305031455.172771 1.2890609876799106 0.3899392286112488 1.5023773433917944 0.7266430023358013 0.5309919576344406 -0.27782463451408634 -0.335932970309661
1305031455.210307 1.285466222911333 0.3769648337702121 1.4999469180461342 0.7320984571669901 0.5258486414795173 -0.2752397672088404 -0.33430244661785274
1305031455.24096 1.2806414305403124 0.36587435054650513 1.4983977564991562 0.7363580423449722 0.5202640649257991 -0.2742374841054251 -0.3345085029297324
1305031455.273001 1.2813133014807452 0.35271363100555186 1.492975160481902 0.7414584403134886 0.5140796907506049 -0.27225527265726224 -0.3344226657330076
1305031455.310303 1.2727841891140175 0.34123214050008194 1.4936443322913857 0.7515424540848307 0.5058955003125658 -0.26760558356548975 -0.32808677833192657
1305031455.342381 1.2688370784699265 0.3246365551503233 1.492954225827205 0.7598492930431653 0.4962662322790059 -0.26696164227483166 -0.32416100955439736
1305031455.37412 1.2665290612056932 0.31510564496503396 1.4858546721011319 0.765765860442668 0.4914945459692987 -0.2668405380204045 -0.3175403683500955
1305031455.409213 1.2562279801801994 0.3104124221706411 1.487687470419374 0.7758187613216109 0.4848511293604837 -0.2608055756865135 -0.3082289467751061
1305031455.44238 1.2482881350591435 0.2955384702411992 1.491384820124054 0.7856772280279022 0.47481093371517596 -0.2550589586519697 -0.3036623094726896
1305031455.473168 1.237950924491817 0.28410506647344597 1.4973185809875817 0.7930228297225684 0.4668058368843178 -0.25249730934860565 -0.29908562479874656
1305031455.509397 1.232030780167372 0.27086972012084004 1.49788488221981 0.799623935508129 0.4573131753553185 -0.25210268187806767 -0.29649698008379916
1305031455.540835 1.2199670328684606 0.2589076685474037 1.5049754166646467 0.8082478170520266 0.44556824524794064 -0.25140679163484353 -0.2915459315051045
1305031455.572996 1.2105449702498334 0.24192731160795722 1.5122429090449463 0.8142134328933611 0.43421788899827984 -0.25480366172864405 -0.2891131344985218
1305031455.608802 1.2052313070505387 0.2264903906810609 1.5144261918776207 0.8195331717202671 0.42240820948962127 -0.2605289167914858 -0.28646355531087486
1305031455.641333 1.1923210398980353 0.21819550173128763 1.5189061532712638 0.826443118876604 0.41143715618285126 -0.262565365542252 -0.2806611241182914
1305031455.672887 1.1818120858215897 0.20576102823367082 1.5285979707220063 0.8287763056827068 0.404725641182189 -0.263436514636414 -0.2827157464040674
1305031455.70768 1.174654787840707 0.1893087790255399 1.5351052406414982 0.8277757782995638 0.40376613112630927 -0.26256132958222916 -0.287787630769384
1305031455.742005 1.1660373630509524 0.1779325167212996 1.5417200115273457 0.8262233472849967 0.40650899998521767 -0.2592481073917668 -0.29136889357991
1305031455.773667 1.1575591188511747 0.16573501842837243 1.5499377421025402 0.8262476099203903 0.4073450130922746 -0.25386449947796874 -0.29485207022250615
1305031455.809109 1.1457790736301854 0.15677578194747005 1.5636296517547854 0.828205862659402 0.4044597416970386 -0.24982578315528692 -0.2967733890931062
1305031455.838364 1.1387808679056173 0.14021787561666849 1.5753196582362725 0.8284354984979136 0.40221787196161163 -0.24713391601312845 -0.3013971397661264
1305031455.87222 1.131452728617629 0.13115348644924626 1.5854523225692119 0.8285262649115162 0.40248204717798775 -0.2457356706738801 -0.3019377588339135
1305031455.908418 1.1260640323966071 0.12229262090546786 1.592883208451778 0.8287380305455645 0.40177635282204954 -0.2443443537403633 -0.303421943563209
1305031455.939606 1.117903408912718 0.11430879281533449 1.603011934967162 0.8299946208015677 0.40117972423570497 -0.2407708515948423 -0.30363325793614915
1305031455.973594 1.1138531207145168 0.10257011366961985 1.6109130596758452 0.8297673428948956 0.40156083052335956 -0.23719312058878791 -0.3065525723263257
1305031456.008998 1.1085336238026107 0.09614486276762546 1.6174045929367011 0.8305868771578853 0.40277035099765884 -0.23247509406381925 -0.30636059552486994
1305031456.04193 1.1051914933727403 0.08092909818487143 1.6219150537922413 0.8321191332759107 0.40431598018259385 -0.22371382509802523 -0.30668951834900665
1305031456.073846 1.091427606616668 0.07835561410226649 1.631037881001729 0.8345041253490968 0.410807938982061 -0.21311541004684395 -0.2990343191762705
1305031456.108963 1.0793578866048643 0.07834226495456033 1.638682062857891 0.8357269585797774 0.4149940967043492 -0.20642966832611567 -0.2944947239566544
1305031456.140836 1.069917455021987 0.0757703889263873 1.6458914326100322 0.8367319460960695 0.4153417752184697 -0.20214187044480436 -0.29412501483847026
1305031456.173198 1.0605029367627616 0.07980349912938933 1.6528306950125213 0.8383856619380581 0.41469351182809977 -0.19817326095356308 -0.29302923360544236
1305031456.208934 1.0521200203897245 0.0807738472028564 1.6603359490739198 0.8397030782005411 0.4098396474384515 -0.19436797685471915 -0.2985821384836424
1305031456.240996 1.051309915353057 0.07137138591220277 1.6599560324360056 0.8412861427297376 0.4033401994802404 -0.18885726659253374 -0.3064102517693496
1305031456.277928 1.0239837350990761 0.07257099586611794 1.6679652299037826 0.8493738669843842 0.3896473049708219 -0.17202068159288555 -0.31168557380361384
1305031456.341659 1.0133581968551153 0.07387359322775759 1.671439591217451 0.8526668667121435 0.380312849988731 -0.166885823582558 -0.3169707753593634
1305031456.377115 0.9907794610891898 0.07174686547782017 1.6695785963085803 0.8593306982233968 0.3634616676964454 -0.15030991099295452 -0.32688422700322795
1305031456.440717 0.9759268805403646 0.061943815296466614 1.6667887836745403 0.8613878997139951 0.35209372085485025 -0.14357845789391419 -0.3367879516694509
1305031456.476027 0.9451012741413743 0.03749683890569417 1.6545136570524486 0.8685927264082344 0.3380529769155378 -0.13679915923245384 -0.3354889721921522
1305031456.541832 0.9305792500394335 0.03737723204846715 1.648659468843198 0.8723293987289278 0.3345756916235518 -0.13849070999695706 -0.3285130894384393
1305031456.576087 0.9087124172906326 0.03648546152772719 1.6352423345221436 0.8772793859709586 0.3235943946874428 -0.1388720062010366 -0.3261627087375021
1305031456.640699 0.8981682452751244 0.029530393689638355 1.6209074693107328 0.8836196479507566 0.317555699424188 -0.13255028464613988 -0.31749821662305877
1305031456.675835 0.8592125739807861 0.03957514785944479 1.6178227923954236 0.8948220666542366 0.3021768432662517 -0.1253372199562908 -0.30376505018832
1305031456.740863 0.8472563002785436 0.02477525951310582 1.604211778016738 0.8987484177094937 0.2922178911773844 -0.12522034277758148 -0.3019600163849326
1305031456.777218 0.810003441020556 0.030674950548926803 1.5994946086463402 0.9033643963500807 0.2834714909600156 -0.13751320911855852 -0.29097559783919297
1305031456.84105 0.8096198624098484 0.02364241303355262 1.5841633010678444 0.9045769571891069 0.27665196586154445 -0.14616959730537565 -0.28954907551402015
1305031456.878006 0.7831887371216404 0.03523724905410952 1.5697892543668455 0.9115299628297497 0.2670666176073427 -0.1458616084213657 -0.2766097247243861
1305031456.942298 0.773358586748641 0.0296683770759784 1.56198382443952 0.9123896069653149 0.25885152035860126 -0.14441347456729756 -0.2822868113694285
1305031456.977139 0.7646100094108538 0.014812997792381124 1.5497854837779685 0.9145236723495662 0.25109551201733366 -0.1398561804229078 -0.28467129352031856
1305031457.006193 0.7486151079730953 0.01725774122615899 1.5467205378732471 0.9187224820235212 0.2490302328842778 -0.13358000888752386 -0.2758429360338095
1305031457.042512 0.7374326777344711 0.014899820122451354 1.543905405283578 0.9207554225516649 0.24477246142558984 -0.13083044808065192 -0.2741884166488059
1305031457.076011 0.7184020016698569 0.002229193924461699 1.5371991866201542 0.9277943171598123 0.2336252521242466 -0.12114392709515177 -0.26446378871937176
1305031457.14212 0.7078628138310435 0.0052631218592270575 1.542047230525321 0.9307853081196086 0.2289905657993241 -0.11703597766685253 -0.25981649465566
1305031457.177463 0.6912332020117395 -0.014862731068248054 1.548748019411179 0.934637454115459 0.21121148047728533 -0.10787660848883913 -0.264962595888764
1305031457.240792 0.6822265376734167 -0.018969279035108387 1.5535961656871458 0.9378059655382728 0.2043003834238764 -0.1033468511626261 -0.26096120916422605
1305031457.277247 0.6666658153980215 -0.02991566550514238 1.5736726868605824 0.9396738824977623 0.18712737244519462 -0.09742003399153348 -0.2692687839509579
1305031457.342954 0.6607893317787065 -0.04332879362129902 1.58092344775942 0.9407086810875401 0.1784342155189806 -0.09086525210369979 -0.27380999619955015
1305031457.376037 0.6405654835306441 -0.05580400971562223 1.604597530989585 0.9440719727364564 0.158482713516028 -0.07601767835279723 -0.27898503972066824
1305031457.441357 0.6303663738632679 -0.07011801400081549 1.612667947910084 0.944828680511556 0.1477433872652737 -0.0714411180433734 -0.28349042780116646
1305031457.476577 0.6105367866056394 -0.08286946406983914 1.6382185685144726 0.9466385841912591 0.13793982800347843 -0.07025359674463776 -0.282687861280213
1305031457.508603 0.6036239935473621 -0.08956748998370755 1.652045027102823 0.9463467583980425 0.13349014913595364 -0.0697903856830043 -0.28589770026951117
1305031457.543946 0.5957385303509283 -0.0989607635467501 1.6639338576471656 0.9461207077592191 0.12767778759587206 -0.0675616184135894 -0.28980927628555014
1305031457.576581 0.5853888286235706 -0.11120567018786472 1.673535697627657 0.9459345010440737 0.12163245734409721 -0.06505441841927352 -0.2935666665326047
1305031457.643534 0.5737050020793113 -0.11443129328278306 1.6859786995207686 0.9467080353644935 0.11821367121271148 -0.06380623730103721 -0.29274252816459306
1305031457.675414 0.5649716591141031 -0.13007506541677197 1.6918717309501945 0.9457523886416149 0.11286256599930636 -0.0639508695471654 -0.29786699524937865
1305031457.707739 0.5533946891662198 -0.13628174322799472 1.7009770308484897 0.9477418822455168 0.11048407124846911 -0.0629745006443629 -0.2925966625009268
1305031457.745071 0.5414443478475802 -0.13070552190560353 1.7169936333799596 0.9489103903757038 0.11121836604811827 -0.06166505219921428 -0.28878533104692883
1305031457.773518 0.5316179602668949 -0.1333277894474374 1.7294709445058558 0.9480547004524841 0.11144483469060837 -0.0606092759439611 -0.2917170708756734
1305031457.807824 0.5262112727350694 -0.12615303233587724 1.7473378619003028 0.9468467021160029 0.1105553767843492 -0.060248399160396586 -0.2960218940462502
1305031457.842853 0.5207202179417313 -0.14092370410176389 1.7549087644892745 0.9435963571183258 0.10539328896573812 -0.05654179689921046 -0.30874130704753106
1305031457.87592 0.5077686310325692 -0.14585015150899658 1.7649724798667663 0.9431121807119329 0.10176459450186778 -0.04900777351791082 -0.3127005277153686
1305031457.906126 0.48831401909224226 -0.13843612979907002 1.7837011339013547 0.9422289313918293 0.09832455555673443 -0.04215685541821005 -0.31742671936059547
1305031457.942604 0.4724368352863072 -0.1513213971899971 1.7902840572325212 0.9381446774240644 0.0910399287108639 -0.04102141681595615 -0.33153210849573916
1305031457.976744 0.44418243985626465 -0.1573389521547558 1.8050876178966953 0.9352762003394923 0.08309996008622124 -0.042409135004400585 -0.3414004847395048
1305031458.009019 0.4331276752446265 -0.15606574818534286 1.8117118656525193 0.932431825619962 0.08035794952815446 -0.04187576542395952 -0.3497998153070023
1305031458.046303 0.4267949292393702 -0.17181722998106608 1.8030002318795477 0.9279616204782711 0.07557018360062628 -0.04176249132849147 -0.3625358914479313
1305031458.077315 0.4109412337745185 -0.17704374842212156 1.8001857774149945 0.9279526450562369 0.0718935301924346 -0.03759682874226745 -0.3637604806986703
1305031458.108896 0.39121945447644785 -0.17258085120370167 1.801300522202182 0.9288351218792167 0.07007047026688662 -0.032964798927155474 -0.36231031946646264
1305031458.144808 0.3690647435477023 -0.1687255240057686 1.803331228759644 0.9288243518759834 0.06760603461230133 -0.029953902544973533 -0.36306681364245585
1305031458.178039 0.34859959115662414 -0.17520965724123694 1.7929776728623301 0.9285340888449323 0.06274579086741708 -0.030341040372618387 -0.3646461748742758
1305031458.209384 0.3298076356669344 -0.17123559010523437 1.786835090132555 0.9312129554588287 0.06335394921156531 -0.03139738829038508 -0.3575512728455527
1305031458.245729 0.30382145719353876 -0.14901152941264126 1.7911639606420502 0.9328569309081259 0.06819492808850305 -0.03091494983405675 -0.35237999959764116
1305031458.277447 0.28665486812881036 -0.1497794510132504 1.7809941982968056 0.9288943856544267 0.06934979295417185 -0.037194377118902076 -0.36188728193684216
1305031458.308343 0.2736614309668678 -0.14594233014746755 1.769647468367509 0.9280384239127603 0.06932587775049746 -0.04528499596409809 -0.3631637035224948
1305031458.343898 0.25496472295220973 -0.1259727098615203 1.7737079139870862 0.926859736896704 0.06949842128517106 -0.051500208204858115 -0.36530634556971175
1305031458.376213 0.2447022980088584 -0.12949629511742597 1.756304003100212 0.9212399767481371 0.06683869630914409 -0.05883307015918959 -0.3786662960608322
1305031458.407856 0.23762400240378545 -0.12308357043951039 1.7463720348272829 0.9190781522566356 0.05805737889264957 -0.06538297003580475 -0.3842522062785601
1305031458.443957 0.22787041967542307 -0.10864697345250282 1.744705500278569 0.9160696443856432 0.04855950467626718 -0.06583553341803777 -0.3925863773493919
1305031458.476034 0.2169569974313523 -0.09989397918019383 1.736890965377868 0.9077802926467107 0.04199952044109447 -0.060840890420921445 -0.41287936085224686
1305031458.508869 0.20253337528277254 -0.11886740074143327 1.7095120499647385 0.897171000001276 0.03646566193019276 -0.0536062519983356 -0.4368990981947595
1305031458.544401 0.1991909218517732 -0.11242115575299295 1.6955602917832424 0.8937243085662387 0.03295050646983662 -0.049582238334979184 -0.4446489919508116
1305031458.576178 0.17941324060808883 -0.10761340312142773 1.6799404002716603 0.8886567841181033 0.03405329397737806 -0.042367055939380886 -0.4553400111797669
1305031458.608421 0.16778226180330003 -0.1203153195851726 1.6461888999274996 0.8842591961978515 0.03702791605409301 -0.0411229674718461 -0.4637062744006492
1305031458.643659 0.14899754891264286 -0.10720477806098376 1.6289175477808155 0.8878204065926971 0.03771447482407113 -0.043185911350675225 -0.4566043375693381
1305031458.676991 0.13980953956517778 -0.09646405015924367 1.6116928143029998 0.8899907401173792 0.04923043715913845 -0.0554558113116795 -0.44990832349958043
1305031458.744924 0.13703642591655582 -0.07432489886402742 1.6057701423521555 0.8913177092934041 0.06357429877667486 -0.06808562254041932 -0.4437064318198421
1305031458.773802 0.13054361506865503 -0.06959248603883356 1.587037987916047 0.8861452842712774 0.07858924448923556 -0.08048209423591512 -0.4495474372319227
1305031458.810621 0.13685627696377534 -0.06739366019935962 1.5692166136711634 0.8838328970031945 0.09408166650617242 -0.09569003282247841 -0.4481422406120574
1305031458.842919 0.1377661555643689 -0.05436333203851619 1.5601554219087312 0.8859796904764655 0.10188682698477818 -0.10378315150906745 -0.4403272873818364
1305031458.875889 0.13486109888773354 -0.03605313829692833 1.5510788433856109 0.8814727983077836 0.11181262915563059 -0.10748136196697008 -0.4460396828024117
1305031458.910599 0.12624449137263605 -0.03963048734920279 1.539940403596086 0.8824952911706421 0.10485014207650786 -0.10249555777941538 -0.44688160557765916
1305031458.943997 0.1149428070916256 -0.0316523601293492 1.5388002249315647 0.8887034626856993 0.09131140496057927 -0.09958849072378538 -0.4381215758781247
1305031458.976007 0.09798786285802073 -0.008422965913894298 1.5383772777955778 0.8896592570112432 0.08557057966435354 -0.09823562367031244 -0.4376457980515913
1305031459.01256 0.07482764673086603 -0.009984241894142343 1.5338177211608883 0.8842089856600843 0.08516197427666693 -0.1001967804502898 -0.44819918898037014
1305031459.073657 0.050524413996585096 -0.008097080237657378 1.5331238957235132 0.8814878840306316 0.07748319342626085 -0.10993458135247296 -0.4526476034030502
1305031459.112711 -0.0045873796765438166 -0.015880957428147484 1.558914160630037 0.8727669092646109 0.07058068670993015 -0.15129064742508766 -0.4587018953066915
1305031459.144497 -0.013233688329964625 -0.007259805902908966 1.5446986453574545 0.8653271156186595 0.07643159766146074 -0.17917598248850855 -0.46180424549075466
1305031459.176463 -0.030892209423778367 -0.002866184263685783 1.5331944639278918 0.8607458638197147 0.07538735659103854 -0.19873179077773162 -0.462535382125243
1305031459.244159 -0.043234500000392244 0.0006698148953990465 1.522239062214588 0.8586524837957816 0.07010811017756083 -0.21443380659229003 -0.46023788147979133
1305031459.274941 -0.05360730558253727 0.009397509977915202 1.502947032655564 0.8583176517528579 0.06284373523745723 -0.22160887738351345 -0.45850951908949833
1305031459.311921 -0.06559150194454157 0.019989361946035303 1.477018435489643 0.8658539002780532 0.027932513426183574 -0.204865209588513 -0.4555733134932663
1305031459.374084 -0.077003755511109 0.014564711554468451 1.4706638094983644 0.8678586496018943 1.4800800895075916e-05 -0.1895083761284468 -0.45924714421460683
1305031459.408831 -0.0869526912501739 0.002707830494949562 1.439550392479827 0.8699422484177874 -0.031038610468808955 -0.17322882749265187 -0.46068303897961244
1305031459.443181 -0.08135465819995738 0.01600684300407408 1.406662477424128 0.8764203863280186 -0.06962901870651853 -0.15503087776837668 -0.4505602436089768
1305031459.473401 -0.0945612235269871 0.01240248156575219 1.390629472359418 0.8758975578340024 -0.1146642105246742 -0.13286154315359036 -0.44944788057797125
1305031459.510267 -0.12693366539716794 -0.003924328417492762 1.3672172779202745 0.8786404476028175 -0.18556131743664123 -0.10532098510026838 -0.42715974928006467
1305031459.544431 -0.1360451106465575 -0.010133857314226728 1.3717592544928712 0.877918707237197 -0.2127984070389113 -0.09941237303450243 -0.41724424685347056
1305031459.576817 -0.1556832364397682 -0.01832749006846976 1.372305528239151 0.8759710234692061 -0.23279538294793636 -0.0959672512836034 -0.41142601084703584
1305031459.611939 -0.16869653812052746 -0.020481931836820195 1.3765055570346059 0.8762997024287877 -0.24333807038797833 -0.09623068699178873 -0.40450595781046517
1305031459.643453 -0.17846249064121653 -0.024830803474472186 1.3736210222192298 0.8756428277309388 -0.24612106591584942 -0.09113972069479716 -0.40542275524134813
1305031459.675678 -0.19309222515179422 -0.028767740680124658 1.3744103346939185 0.8763558905592036 -0.2543641573751741 -0.08158118795712906 -0.4008038651217156
1305031459.743425 -0.20987765464665875 -0.025032946304539942 1.3873890218741092 0.878320558290105 -0.2606512899796602 -0.07298075023939574 -0.39406561891567266
1305031459.776577 -0.24810190223934012 -0.022685843399216976 1.4090934088473888 0.8785021578966306 -0.2587818372766368 -0.06065475235357843 -0.3969721908189765
1305031459.812562 -0.2668584191708263 -0.02027644128757138 1.4139108801227187 0.8791165886137323 -0.2563332113513628 -0.058675505270704455 -0.3974977905142099
1305031459.844736 -0.2861977384072786 -0.01691098584983199 1.4187124655650272 0.8811950305584012 -0.25367390906062515 -0.0581822068536253 -0.3946640302671654
1305031459.877006 -0.3000847613895411 -0.008686527274692324 1.4260296847128808 0.8838581077065695 -0.2532033453282119 -0.06234993678924431 -0.3883238297327911
1305031459.943616 -0.3125044199712195 -0.0008763956594318497 1.4322340555152728 0.8842023920297983 -0.2542191036453438 -0.06601840005006748 -0.3862646089475065
1305031459.97943 -0.3409129954867081 0.01332842081379131 1.4402102951987579 0.8852280195493825 -0.25899851248809297 -0.06942076374102513 -0.3800945691472664
1305031460.011909 -0.35065474471569463 0.02435812232815207 1.4483993810142888 0.885623292738378 -0.2618174201112023 -0.0708249736854142 -0.3769706155498168
1305031460.043717 -0.3665767909237903 0.0325799407997061 1.454005650676837 0.8849736656075532 -0.26361248770155427 -0.06968621768726595 -0.37745714799612884
1305031460.079449 -0.3843142494470131 0.04191057245429097 1.4617081793998539 0.8836609787208727 -0.26810984608660327 -0.073910485707715 -0.3765602544347148
1305031460.111951 -0.39344412914559107 0.05314599415425755 1.469599784709283 0.8807505233699822 -0.2744924217005091 -0.08641136251095793 -0.3761190003728771
1305031460.144204 -0.4056471816515348 0.05902324380026169 1.4712963936505288 0.8765098366360616 -0.279874088210961 -0.09684164615084798 -0.3795032234370372
1305031460.17873 -0.41460127914364275 0.06862183267177804 1.4697082496955198 0.8753159436712186 -0.28407742068277647 -0.10517977637668255 -0.3769074587409169
1305031460.243467 -0.4126257542238076 0.0835252630766237 1.4694392831045218 0.874814179272339 -0.28678271020644264 -0.10862798506653532 -0.3750410507279116
1305031460.279164 -0.4240745521631118 0.10077672069601089 1.4774808603287777 0.8729452403408725 -0.29309632115636985 -0.09343071477781839 -0.3785919378789311
1305031460.342879 -0.43049205103758437 0.10973863542315145 1.482883521611391 0.8714238276624593 -0.2984510658746552 -0.08569668181278078 -0.3797414285888093
1305031460.377806 -0.43973912567719103 0.12821960790891948 1.4872713893083924 0.870254464882403 -0.31131562051686695 -0.06890544159116237 -0.3754887360408667
1305031460.409883 -0.44427184287686233 0.13768244296507387 1.490468576660534 0.868292640289527 -0.3202209839819254 -0.060285979944936785 -0.37402140695255426
1305031460.444036 -0.4457290473824676 0.144624320510655 1.4900483207779047 0.866462054773885 -0.32866974295099505 -0.05013379337479753 -0.37243296103781803
1305031460.479856 -0.4522367929139475 0.15037435432465826 1.4921148949707934 0.8654813979119526 -0.3395926391267222 -0.037332406579186746 -0.3663674122221116
1305031460.508966 -0.45709769028251646 0.1607377537152416 1.498289828720951 0.8643776897847094 -0.3530548692742193 -0.0282983150804947 -0.3569351118170049
1305031460.544245 -0.45881119803803627 0.1705502819016786 1.504035167170632 0.8645094184592848 -0.3600648230432787 -0.020186474768894676 -0.3500989786309104
1305031460.579561 -0.4648672720848493 0.17826486616907142 1.5087597853895351 0.8642738235617626 -0.3638920783104655 -0.010817230175213481 -0.34712577083840596
1305031460.61219 -0.4678702234363038 0.18637767831735327 1.5146604026279915 0.8633572364299087 -0.36920098468293494 -0.003912713235886202 -0.3439325600875785
1305031460.644011 -0.4762897474307907 0.19368572330124592 1.5192214645687354 0.8625498551860888 -0.3716498388031219 0.0046301580686558845 -0.34331138383737
1305031460.67935 -0.48785940575984865 0.20051549529821505 1.5223091447218495 0.8620321441335903 -0.37454496352238464 0.009988346622780296 -0.34134569824769107
1305031460.711684 -0.4925469270765631 0.20987919808493324 1.52644557760888 0.8636028020479668 -0.3752838158748929 0.012059198377880139 -0.3364622320138809
1305031460.743767 -0.49633424890430505 0.21989401998610414 1.530225195547634 0.8642543114703017 -0.37539483919745853 0.01721873512827776 -0.33443491888481275
1305031460.779201 -0.5072974415176412 0.22917009591856297 1.532975895007438 0.8643824701276608 -0.3759139227862831 0.022801059636323544 -0.33318430285788214
1305031460.811318 -0.5131547894637961 0.2379302684217455 1.5336353279587922 0.8665012064620904 -0.37338688100123196 0.02527575146036479 -0.33033170099769016
1305031460.843836 -0.5151664191243827 0.24335982565949416 1.5345030012127565 0.8681761111953706 -0.3718636105201565 0.027927880951078222 -0.3274259131256708
1305031460.879093 -0.5221287193590616 0.25621721502365424 1.5370540392223573 0.8699328534429424 -0.37151699516071784 0.034839067999506826 -0.322456496520534
1305031460.943375 -0.5288719680364626 0.2660617479574349 1.5375480932756451 0.8712036148198598 -0.3710939505609743 0.03764441451344853 -0.31918088827152247
1305031460.979083 -0.5262334588785643 0.291075457605305 1.5452458260834934 0.8703144467093291 -0.3758142793641677 0.03827320636963751 -0.3159929634488923
1305031461.043398 -0.5302188426967314 0.3042240083125968 1.5482529112422914 0.868961688241838 -0.3779704963027183 0.04003510507005311 -0.31692440526819876
1305031461.079602 -0.5389518687571059 0.3248505996109472 1.5457391745976308 0.8679733119789096 -0.3776832716026689 0.03909635643277804 -0.3200767891577714
1305031461.111961 -0.5341440726041491 0.33563025405530805 1.5483551709628691 0.8692345724851274 -0.37569517249041406 0.037725020421893504 -0.31915704315926297
1305031461.144098 -0.534878112684274 0.35091871766591404 1.5523308167872574 0.8686624952313792 -0.37556850302575634 0.03955278586989102 -0.32063896526048924
1305031461.179883 -0.5364652135007275 0.3549051648622068 1.5504820084711426 0.8683994165525794 -0.37113821444557493 0.039892832983743735 -0.32641605503685217
1305031461.21118 -0.5383681277929111 0.36325204804711186 1.550208724963608 0.8685493989602749 -0.3693180174174415 0.04196866623410485 -0.32781820362988684
1305031461.246864 -0.5376438667686616 0.37575737417129157 1.5519754781550887 0.8689350086208354 -0.3670606840250061 0.04280667240553407 -0.3292202816257963
1305031461.278888 -0.5382772772222489 0.38148818581075583 1.5489843640502303 0.8695572416329967 -0.3609587403351594 0.04461702448815995 -0.334048368391603
1305031461.31124 -0.5353674210995094 0.38658284796592624 1.5451837561614505 0.869705068976094 -0.3573051303476239 0.047042123388220065 -0.33724349578855106
1305031461.346875 -0.5405747532534172 0.3843950178218866 1.535672916782799 0.8700245449451179 -0.35389035800546087 0.05250665018880604 -0.3392078380429283
1305031461.37885 -0.5358839351450154 0.39939250321681374 1.5348272794710405 0.8728025212193966 -0.35452687304053876 0.05307147043203782 -0.3312248092630501
1305031461.41113 -0.5330058066032385 0.40674932000659375 1.5322228030219784 0.873294007921768 -0.3525958969120585 0.05468510029490149 -0.33172767297054473
1305031461.447015 -0.5334650162351244 0.40587636723722303 1.5263218667942793 0.8738879848066793 -0.3527354333492473 0.05469790858570259 -0.3300085496874134
1305031461.478901 -0.5224644157741571 0.41857280884687786 1.5287680677265327 0.8751311515692782 -0.354332250518975 0.053766612526317446 -0.325120401040341
1305031461.51212 -0.5216003878509063 0.4182109064494459 1.5267936119139538 0.872964151803612 -0.3533424363318969 0.055535729833276155 -0.3316602102524887
1305031461.547338 -0.5116158861997743 0.4143926642325558 1.5268970159836313 0.8740611184752475 -0.35036178001847595 0.05602767479066512 -0.33185039389706306
1305031461.578847 -0.5083720931567433 0.412058181306281 1.5261822200754682 0.8728990825357065 -0.34970727921227307 0.06492670588225483 -0.33397085716803265
1305031461.609662 -0.5053589544698317 0.41133362966830267 1.522530665079363 0.8722679715821008 -0.3520512171494806 0.07184169716654516 -0.33173377398728493
1305031461.64697 -0.5020471691568512 0.41024229443486016 1.5201813735450624 0.8719643924343529 -0.3533624275373663 0.07718199710212238 -0.32993337578186505
1305031461.676203 -0.5019484045406514 0.4063127607927996 1.5144975867568173 0.870112011822702 -0.3591995695509179 0.08005704946415898 -0.32782865180971976
1305031461.711212 -0.4921263774751728 0.40614960866430094 1.5111001997263298 0.8696583693712329 -0.36518192418284784 0.0785737306057382 -0.3227423921510437
1305031461.746919 -0.4882850771464539 0.39938804090672053 1.5097840707971395 0.8692716398887924 -0.3674792404423327 0.08010098032519132 -0.32079535046493296
1305031461.778616 -0.4825389578858571 0.39424300369153076 1.5061270553556538 0.8698957967789941 -0.3711129457881296 0.08228144050455553 -0.3143027978927187
1305031461.811319 -0.4755551130402841 0.38989498135826367 1.5032259353901318 0.8688176682741141 -0.37654211178139224 0.08607599559730385 -0.30977866345485094
1305031461.84709 -0.4748159820651412 0.3777238563270709 1.4983754994430696 0.8664486867325913 -0.3834684935785921 0.08907989795205543 -0.30705595495411664
1305031461.879162 -0.4765046054152459 0.3716802471159842 1.4896988806843612 0.8639854887931468 -0.39480444952813626 0.09089624931520666 -0.29899229697114316
1305031461.911121 -0.469098833289728 0.3708799702466243 1.4829023024415813 0.8643399638779412 -0.40327871150289213 0.0881461285774098 -0.28725070532352237
1305031461.947264 -0.4577137803943514 0.3557541890254956 1.4783110110782742 0.8646683661521009 -0.40563564305182803 0.08957303430553297 -0.28246241021963675
1305031461.979223 -0.46364338130713106 0.3409527646288088 1.4691961033657381 0.8622985347257782 -0.4134179123799846 0.09719256964853355 -0.27582688617730183
1305031462.011791 -0.46414792307788416 0.3384071959653394 1.462238843586794 0.861659789361046 -0.4231890767123899 0.09583416039920235 -0.2631904756068743
1305031462.047463 -0.4639885853518719 0.33584087950468117 1.456372762904571 0.8602297118392892 -0.43280707171189675 0.08932483537651521 -0.254369721724157
1305031462.079285 -0.46075362495043093 0.3288744160990399 1.451094755509354 0.8587303716616553 -0.4412409890431773 0.08054638965502722 -0.24779188341746514
1305031462.112081 -0.459052703610708 0.32033339099333913 1.4456005363737106 0.857183027467735 -0.4484939561208532 0.07510839669084395 -0.24176260565034713
1305031462.147634 -0.4597881349790558 0.3165261998709038 1.4425981947027433 0.8563867064852356 -0.45396158558944544 0.07295975162190035 -0.2349416148913561
1305031462.179358 -0.46061529696407666 0.30814735793991305 1.4390352612045718 0.8577999807209951 -0.45310910303826346 0.07222449817450093 -0.2316353938463683
1305031462.212836 -0.46450139387686384 0.30059069610494427 1.4344213363518286 0.859124184944638 -0.4532717186230759 0.07379139352898459 -0.22584333990787736
1305031462.248986 -0.4683617228620411 0.29801372699765594 1.430931493633907 0.8619180440884631 -0.45139077621940843 0.07490667578210179 -0.2184780134064597
1305031462.280774 -0.47277585226590285 0.292540652901393 1.4262492331417065 0.8661555294452583 -0.44586212044674184 0.07443490856621438 -0.21316897698511006
1305031462.311931 -0.4742191010064072 0.28667354816781626 1.4234884956148526 0.8710581612671203 -0.4397167051519607 0.07348059190459758 -0.20617347432101177
1305031462.347816 -0.48167446692660176 0.2799313769960506 1.4161775034272983 0.8756131003600094 -0.4322572471211491 0.07636720201823557 -0.20155252726047368
1305031462.37995 -0.48842653485647264 0.27347031136896605 1.4088313600261873 0.8806141562483604 -0.42555461332932365 0.07432724854720926 -0.1946726457736672
1305031462.413016 -0.4948291658061367 0.2690668216614327 1.403613124551085 0.8860388471598922 -0.41839553870715057 0.0714501564780542 -0.1864811241192637
1305031462.448295 -0.5057560277189324 0.2628383509779903 1.3977519782131693 0.8918023182712829 -0.40914327865896466 0.06892558729310556 -0.18038754411116822
1305031462.480843 -0.5110191701283251 0.25527259474797603 1.3938223323802061 0.8976317882532663 -0.40092402217593465 0.06361943647140768 -0.17166731914541675
1305031462.517041 -0.5200305891919575 0.25354444063094556 1.3911004449240767 0.9016266948720099 -0.3949072784982436 0.06119606515480944 -0.16544662611505448
1305031462.548959 -0.5277876121076155 0.25073469489098493 1.3937531542259973 0.9067661795845988 -0.3858854310127457 0.05779456259668339 -0.15977270801960164
1305031462.581088 -0.530061702616435 0.24588646750305435 1.3980208964271337 0.9113313290475143 -0.3767416264601496 0.055990737304481536 -0.15622417522506776
1305031462.617123 -0.5326842169143852 0.23890359978023004 1.4018407642610102 0.9156312903226749 -0.3668157247884149 0.0554927039246176 -0.15487454290850391
1305031462.648708 -0.5334532087567645 0.23571451702077056 1.4084699443767348 0.9192265438306343 -0.3583824962729285 0.05615085231761363 -0.15307393398739394
1305031462.680788 -0.5386465282812667 0.23188583967112247 1.4143683753719374 0.9220756930328462 -0.3502787840058406 0.05737872484960156 -0.15423641505176336
1305031462.716812 -0.5438801534211124 0.22680572127448878 1.4204094661339837 0.926114837969875 -0.3400682397201156 0.05517113626506561 -0.15369139516874605
1305031462.748732 -0.5462116055700128 0.2183697477972804 1.4272018269238196 0.9305663323415089 -0.3286861440575699 0.05091391722180067 -0.15303428651831805
1305031462.780885 -0.5469097947922278 0.2084056951507692 1.4341404661132868 0.93392375330125 -0.3200992944305142 0.04758873035697178 -0.1518491931746905
1305031462.816821 -0.5502066394832785 0.19729646040934737 1.439073993645452 0.936525148846283 -0.3135714181149896 0.04582859430265596 -0.14997783590932523
1305031462.848525 -0.548431682090551 0.18670695579080854 1.4453021252826568 0.9395733441659768 -0.3071155429278199 0.04378448391152955 -0.14479258680441606
1305031462.880471 -0.5462562134810024 0.17402597790731547 1.4514308623746452 0.9406947531937682 -0.3038467395454317 0.04589094159112787 -0.14375173620240547
1305031462.9168 -0.5425778058665521 0.16378294281590206 1.4576512008863736 0.9411868439545241 -0.302753660934981 0.04719065470681869 -0.14240992825547866
1305031462.947939 -0.539220722945542 0.15535572545235296 1.4626717537594411 0.9418912700921322 -0.30067102436044 0.04722148072091884 -0.1421545011344964
1305031462.979943 -0.5346827783710544 0.1470942445393316 1.4681397850754478 0.9425623478423221 -0.29689232282239036 0.04664988617399374 -0.1457907994320927
1305031463.016121 -0.5323842911142628 0.1419691777914797 1.4809587001917812 0.9437846754252225 -0.29146961442244484 0.04700151256051433 -0.14868358388861452
1305031463.050783 -0.5309570214444959 0.13213755052918208 1.491334119389532 0.9449728362475784 -0.2855713056812085 0.04443327174998481 -0.15330052996427934
1305031463.07687 -0.5254119703406966 0.1197992352893942 1.495618154483847 0.9477901551005329 -0.27474349539164566 0.04328625568383491 -0.156000428535829
1305031463.116806 -0.5188145798560145 0.11252621995912007 1.5052035038919918 0.9494840002187106 -0.2665620730920115 0.04413698397238176 -0.15961428871935718
1305031463.148565 -0.5153430178952247 0.10227517089672349 1.5163832433866016 0.9511183896612962 -0.25736616944789875 0.04557101186676584 -0.1644984697474635
1305031463.180505 -0.5080941039169155 0.08767020007704021 1.5227010662222265 0.9527409847666093 -0.24985162548809023 0.04488143368049448 -0.16686652779300595
1305031463.217123 -0.49454764481614705 0.08093874009701897 1.525280686046442 0.9540984804558297 -0.24545460650875703 0.04273572200484956 -0.1661980258614176
1305031463.248719 -0.48417870175229866 0.07089082900187127 1.530359538940032 0.9537335142906268 -0.2418731069597561 0.042954294711390895 -0.1733341063216705
1305031463.278737 -0.47829160166701656 0.06007214027621492 1.537505072420533 0.9545254055723702 -0.23637865740772696 0.044524949686163495 -0.1761360533634924
1305031463.31711 -0.4673609784317298 0.055579824321164636 1.5419164163527312 0.9560320266940259 -0.23222788379948575 0.041761384191915434 -0.17415211945796488
1305031463.34874 -0.4555575540408405 0.04901060973503798 1.5462860913927758 0.9559400779363783 -0.22900960521255553 0.03763970531949628 -0.17976768535763576
1305031463.380514 -0.4428390360472615 0.03564434406637422 1.548982344221277 0.956048190223097 -0.22447972756143136 0.03190774101944035 -0.185910209370338
1305031463.416326 -0.42691490791846465 0.027685001721849466 1.553346876107358 0.9573304289019942 -0.2201621473795582 0.027683040011935944 -0.18515055510379377
1305031463.444773 -0.41285380288258117 0.018335981607009243 1.556756747408936 0.9577283876553113 -0.21767274835943215 0.0269338453022022 -0.18614370276226372
1305031463.480415 -0.39513423396727276 0.009400122745165744 1.561516514890812 0.9583324863279123 -0.2162579334824159 0.026733545043437907 -0.18470698260728263
1305031463.516994 -0.3787545008212858 0.0051972162142125845 1.5666096133984737 0.9584952878823676 -0.21502557048429297 0.031123412861229816 -0.18461343482279668
1305031463.548505 -0.3681319601013871 -0.003034764188453448 1.570621405309622 0.9571959699585607 -0.21693800976027444 0.03461207643478474 -0.18845630576134545
1305031463.580684 -0.3551248851507378 -0.009507176015525743 1.5746873026413981 0.9575653454635867 -0.21622570856367818 0.03304565794865601 -0.18767801313440433
1305031463.616671 -0.33568114798757515 -0.008890600211825209 1.5874772912549568 0.958775793342854 -0.21344416319521015 0.030913643920227128 -0.18502679243085488
1305031463.646147 -0.3207084541132568 -0.015055106525316608 1.5966372512265015 0.9572954832724435 -0.21216590423893547 0.032768240764945535 -0.19364201295644545
1305031463.683908 -0.3070784776810803 -0.026770822868483157 1.6025349681690408 0.9567035198379805 -0.20910252599059048 0.03253288132748562 -0.1998402371558464
1305031463.71611 -0.28216202061398593 -0.026343383145212684 1.6144877137121496 0.9582614206016374 -0.20528685507062627 0.030055589355478946 -0.1966952426222814
1305031463.747849 -0.2612666873339664 -0.024001831624420832 1.6314668967304673 0.9585818287602291 -0.20029049706707056 0.03301498834519292 -0.19978639818538016
1305031463.783912 -0.24852547690327734 -0.029005146538778927 1.6425833499914586 0.9583407853450584 -0.19253477168020344 0.03825115666659257 -0.20748530032736381
1305031463.815883 -0.2295779861624336 -0.030433253966345525 1.6551265097422938 0.9599412537158369 -0.18233281988514316 0.04029798563057303 -0.20891051807249233
1305031463.848094 -0.210125365003424 -0.028449327620706802 1.6708674680624267 0.9609487250907989 -0.17295039929772255 0.04342770694269637 -0.2116122430267822
1305031463.883817 -0.19515690691614587 -0.0336069019348088 1.6808049776126948 0.960534479340044 -0.1650848257053318 0.04657668253710852 -0.21897745766317697
1305031463.917433 -0.1819736022394822 -0.03489476169564388 1.6921411404784377 0.9609441095140894 -0.15930177781947577 0.046861750390435365 -0.2213895623647884
1305031463.944435 -0.1659962244045485 -0.03255774461750308 1.7061610950691526 0.9616949434939118 -0.15262724561810512 0.043687140568408604 -0.22347078847632096
1305031463.983748 -0.1508585251564802 -0.0338844481192845 1.719799582965569 0.9615563282504551 -0.14544693877384998 0.04139946337283473 -0.22921758229957065
1305031464.015867 -0.1363821965244997 -0.03898789802337639 1.7317313597252972 0.9619017126958985 -0.13639321599309034 0.03958404803883924 -0.23361311796347894
1305031464.047778 -0.11941453410480536 -0.0347180848605395 1.748451292204359 0.9629647275713693 -0.1272798491006693 0.03981815719408543 -0.23433584408702077
1305031464.083152 -0.10979455165943659 -0.03649892273360469 1.7639947914735012 0.9622973734910512 -0.11922978933778472 0.04368721773481224 -0.2405399121004304
1305031464.115837 -0.10490450960455934 -0.03796351700743378 1.7773763132543239 0.9617936977079031 -0.11422253723390303 0.04523001650580525 -0.2446637297273398
1305031464.147663 -0.09828909284911122 -0.03087999949954175 1.7945011012652705 0.961329000501358 -0.11309325333515906 0.04148944250546477 -0.24765923161819553
1305031464.183566 -0.09242058174779107 -0.028415230551482686 1.8098241524361984 0.9596139967724479 -0.10895134741414572 0.03495806347637641 -0.2569990562103917
1305031464.212447 -0.08819970576628255 -0.03634154659223794 1.820252253048509 0.9572019783352089 -0.10402338602744639 0.025270265003901157 -0.2688957447360958
1305031464.247602 -0.08715293409347487 -0.04671689641036525 1.8237397478881885 0.9553268565292252 -0.09919892181247078 0.012577172709196017 -0.2781222497965157
1305031464.283694 -0.07661129748192415 -0.04863107515002995 1.8307231646394735 0.9554510663212363 -0.09053225735492496 -0.003471256693768295 -0.28090055290226834
1305031464.315699 -0.05558892113554364 -0.050836316738830614 1.839370221213755 0.9554354588665543 -0.0806273847757778 -0.01844178121447147 -0.2833764448049857
1305031464.347553 -0.03806180471407867 -0.04711719749384924 1.8526707371747686 0.9549625820545788 -0.07371244203684325 -0.028301020110932655 -0.28602796196403163
1305031464.383465 -0.019177294316965805 -0.05483758961571459 1.8578487252746396 0.9530715691800387 -0.06368975931785573 -0.03352775122613749 -0.2940647691860597
1305031464.415539 -0.004556266344702483 -0.06110957300686042 1.8652940519494863 0.9523314353844559 -0.05394827960739555 -0.032314871422707205 -0.2985132650166788
1305031464.444269 0.0054557315705175986 -0.05982902274433347 1.8792705056770602 0.9520073288675225 -0.044825538102526576 -0.03160271512390862 -0.3011212136551343
1305031464.487561 0.027064147594588785 -0.06438466625623569 1.8894851441610818 0.9510483140011052 -0.037723785469747036 -0.03453846603304302 -0.30478043705194097
1305031464.513688 0.03810266671577122 -0.07103945635530186 1.9010621397260798 0.9502570988477475 -0.030578037345200117 -0.03188422904524838 -0.30831773490957
1305031464.548007 0.05477304672583889 -0.07281393311245629 1.914619621329921 0.9508391458905886 -0.01829527575011872 -0.031139233116227908 -0.30757202357857005
1305031464.58426 0.0835262336673863 -0.06156284521442448 1.9384826023813289 0.9505702276006118 -0.0068250787589895015 -0.02746816524115879 -0.3092170121412127
1305031464.615688 0.1004071195567155 -0.06410247829161439 1.9555377368091937 0.9469981536981447 -0.0024487213075605847 -0.015621056879951611 -0.3208496271436458
1305031464.648851 0.10853752695617304 -0.07095271190845662 1.9669450871061156 0.9426220291537073 0.004697502081446226 -0.0009825993803154272 -0.3338273178258483
1305031464.684318 0.11549953164961818 -0.06174132893841081 1.9845861023913827 0.9375686534046707 0.01664527943322936 0.0134521675078034 -0.347141173033226
1305031464.716305 0.11442415456712868 -0.07079287879858327 1.991762160938609 0.9291533191533721 0.027529929420218653 0.023296528155367337 -0.3679313580931855
1305031464.748588 0.12046703943551919 -0.08509067914710249 1.9889127202437449 0.9215667352430249 0.04415884744392005 0.026631366361100264 -0.3847798318671051
1305031464.784268 0.12258017459833362 -0.076958259998615 1.9940889689961285 0.9175379436028209 0.06201675962100036 0.02621175499451195 -0.3919068607147948
1305031464.816195 0.12071990557459826 -0.07439287975998063 1.9940152691502802 0.9120670029080481 0.0773073336057256 0.01828506132759527 -0.4022723143709368
1305031464.848283 0.13629528267202456 -0.08256149106104325 1.9919329393497684 0.9071358490863122 0.09611316083960648 0.003456640320873534 -0.4097009436815682
1305031464.884177 0.15252230585385274 -0.07764105387750712 1.992977658629842 0.9050239802943112 0.12154009508882246 -0.007431183078666729 -0.407559048355074
1305031464.916391 0.16829310306865905 -0.05449782041546705 1.994508795935125 0.9028598747675225 0.14621492874511044 -0.014547771191645765 -0.40404653630515314
1305031464.952471 0.18400962744785024 -0.03645283890456724 2.0016763296180407 0.8985423245714842 0.16554517104531632 -0.016758672616995582 -0.4061226836675916
1305031464.984257 0.2019290596002426 -0.027095429784379406 1.9962230884946124 0.891986422049628 0.18281387126064727 -0.01615147759767549 -0.41313247406275183
1305031465.01539 0.2075170491869352 -0.016477618702159854 1.9892735837004305 0.8858876839086672 0.20209860869084345 -0.010558475945964195 -0.41742985332850957
1305031465.04843 0.20580416721636463 -0.017808875193680886 1.9673648701506932 0.8778084358034532 0.22005704867017722 -0.00965394818536283 -0.42536342890203943
1305031465.083338 0.2309161615190572 -0.02895871850958616 1.9376395211812047 0.8734741609282691 0.23921228966288846 -0.01905851298372387 -0.4236238233949358
1305031465.115475 0.24383891235031724 -0.01858907252683888 1.9202824587864677 0.8758368450914209 0.2590403489434892 -0.02466560562694158 -0.4064474459245596
1305031465.151558 0.24552782559688632 -0.0030585377581407586 1.9041730444393266 0.8793147584716224 0.2734240718212288 -0.028413979854251464 -0.38889263072412905
1305031465.183558 0.25212376547083926 0.012435810841756639 1.8873160981472967 0.88136630116616 0.2854016300503773 -0.03360015325890902 -0.3749805094058184
1305031465.215832 0.2660966815927357 0.018845588999549114 1.8669529326098286 0.8827627084585689 0.295068265887877 -0.038863337889264965 -0.3635304113673543
1305031465.251788 0.26784766853756703 0.033564792023220075 1.8522137953297062 0.8863806105098154 0.3004378364840173 -0.04297592577400596 -0.34959918410219015
1305031465.283737 0.2761933797308464 0.03853547887486653 1.8364212994178462 0.8898702354242156 0.29656931002782516 -0.052316302148553664 -0.3426960942076404
1305031465.315985 0.2862278566923532 0.042069317636575364 1.815828171706586 0.894718661775269 0.28964511859051945 -0.0656944783836708 -0.3335692687548613
1305031465.351729 0.2894267979808587 0.05480860788589578 1.803933504469843 0.8989111528942971 0.2838965897026851 -0.0808650234923667 -0.32376274265735067
1305031465.383701 0.3049586745357799 0.06227049183857216 1.7940224719172546 0.8998303808870955 0.2794210283851307 -0.09971047869234868 -0.31982338089596096
1305031465.416543 0.334127389979102 0.0699918750810352 1.787660285660011 0.9000381951973221 0.2740796475901416 -0.11842852121161354 -0.31746854856259604
1305031465.452401 0.3592357539561204 0.06947634697937859 1.7795623302769503 0.9009901050751155 0.2645979252141408 -0.13413687334031235 -0.31656289697244894
1305031465.483803 0.3862293241035607 0.06679246147570822 1.7694873930941397 0.9023092900465565 0.25809814093432865 -0.14749800083722248 -0.3121980693261016
1305031465.516043 0.3992065034695953 0.07711286257406036 1.7659177834879904 0.9030262340740894 0.25819678354508163 -0.15551549469565923 -0.3060930780832952
1305031465.551838 0.42193441476309446 0.07724540215803626 1.7608645616014287 0.901067242052465 0.2544846876971537 -0.16593370327460985 -0.30948566226114615
1305031465.58357 0.4518988215354628 0.07489572629789325 1.751404422094398 0.899895309882972 0.24765597644560194 -0.17540060110784703 -0.31319255692371006
1305031465.615685 0.47062564416891 0.06701147417012751 1.745870695120936 0.8999706422744554 0.23931767433421858 -0.1813040757050027 -0.31608341609157503
1305031465.651645 0.48855217378154353 0.062136120922551705 1.7416024307437221 0.8990670504691148 0.23381645414507474 -0.19152809957020928 -0.31674167961734073
1305031465.684759 0.5236529897721101 0.06482996903943347 1.7313804204968488 0.8964195872259377 0.22968582195481033 -0.20478976545831143 -0.3189631621271527
1305031465.716279 0.551872105977501 0.060322303859033664 1.7235375181930706 0.8948783053436142 0.2214612483104959 -0.21287345881079772 -0.32377866615332385
1305031465.753153 0.57919901643472 0.05111592686263784 1.7127133246761528 0.8928284020087506 0.21329957650201806 -0.22126556485689344 -0.32924502280083223
1305031465.784387 0.6100749997440557 0.04810943780763734 1.7020984132071708 0.8911007022730446 0.2077877519833594 -0.2288342427217174 -0.3322629649722742
1305031465.816591 0.6350061726839904 0.048059633130009716 1.6955632579671924 0.8886560832268203 0.2025488083819704 -0.2351957975597346 -0.33756078382604043
1305031465.85286 0.6679156464463369 0.033545142286561996 1.680436732696273 0.8839606269070637 0.19702637627710431 -0.24131959587264662 -0.3486532228117882
1305031465.88437 0.701968127000254 0.028011825471383013 1.665152808175175 0.8833405969525481 0.19385127063693525 -0.2409083325127915 -0.3522701377833041
1305031465.912828 0.7267334821628296 0.02749350929110036 1.6593504110537611 0.8835432914862832 0.18931921435752755 -0.23615486070369013 -0.35740784673906406
1305031465.95284 0.7545227056411112 0.015162281966523852 1.6531980056791362 0.8804976680525842 0.1869715624095119 -0.2305368210337988 -0.36961908169321767
1305031465.984183 0.7748980787245227 -0.00211095641805111 1.6416329386785036 0.8777127427057418 0.1870432556353586 -0.22381521610488608 -0.38018667895287095
1305031466.016599 0.7997762515481194 -0.016392723792025526 1.6324998629954777 0.8748946187279399 0.18802008177247598 -0.22209354387316357 -0.38714637120993817
1305031466.052655 0.8230522333670343 -0.03242315288333805 1.6181092153218362 0.8752074867126673 0.18647798347760186 -0.2206715448064694 -0.3879972760122806
1305031466.083913 0.8419899213567263 -0.04509450116461909 1.6145891292989023 0.877147312460137 0.18718076268156777 -0.22020418375166745 -0.3835180201557255
1305031466.1164 0.8624343731992684 -0.05512157982860852 1.6071845987618028 0.878062474216763 0.19030284599240588 -0.22304976549698546 -0.37820618753699253
1305031466.15254 0.8820150081392374 -0.06552198531264497 1.6049550453954406 0.8796214955828741 0.1909377840868526 -0.22695991743922003 -0.37188436777112965
1305031466.184186 0.899902037533481 -0.07858232824503861 1.603387864147455 0.8812092921955416 0.1936395664432514 -0.232523063047562 -0.36318993213865647
1305031466.220477 0.9217239675300617 -0.08240718978590392 1.6030021134757275 0.8825818774296397 0.20244779721418069 -0.23798868281518704 -0.35131966339473647
1305031466.252491 0.9430634872283584 -0.07579757330736789 1.6047626297349862 0.8819956433175853 0.21060364900236697 -0.23918780446147822 -0.34715843989824663
1305031466.284389 0.968687055801171 -0.08020672812900229 1.604394189352217 0.8793124488788286 0.21981132653640093 -0.23309419119443286 -0.35236301736197906
1305031466.320055 0.9914297638558245 -0.08829909611204528 1.6065949866748426 0.8789304685060049 0.22628153344709748 -0.22127988018109865 -0.3568096324087727
1305031466.352082 1.0064730847393346 -0.09570303532340349 1.6099048140359171 0.8816441426464593 0.22971613097965518 -0.2090243926638121 -0.3553067803693759
1305031466.384479 1.0144185219455655 -0.0957268879070616 1.6297126828262596 0.8839410991575828 0.23167150686424162 -0.200801187393354 -0.35306561609530185
1305031466.420844 1.032628795534749 -0.10803207736951817 1.634135638728387 0.8800712502480764 0.23488493471042107 -0.20148704837976575 -0.36014806853303977
1305031466.452369 1.0546371629714715 -0.1147375752433769 1.632170654225791 0.877713797877738 0.24045684643359289 -0.20515500042441276 -0.36015332820773466
1305031466.483315 1.0766724631239866 -0.11197550972606561 1.630479083152336 0.8781553665349546 0.24343963050072479 -0.20855641537375014 -0.35508382127883853
1305031466.519548 1.09965835494352 -0.10628025526509274 1.6318065777383512 0.8793225392374603 0.24399522762096235 -0.2071754278282353 -0.35261387237510616
1305031466.552219 1.1182452238637812 -0.11307194213854885 1.6273875906951432 0.880051520899246 0.2441121098840586 -0.20146143281989473 -0.3540224420245591
1305031466.584438 1.1353419842932457 -0.1173755354173182 1.6253436156170902 0.8825277303846193 0.24773841255420873 -0.19634374563422088 -0.34816607760897356
1305031466.620424 1.1520731848508052 -0.09689135129171272 1.6287078482050075 0.8854645176691177 0.25190112312311497 -0.1934534806625135 -0.3392258288188985
1305031466.648654 1.1706202442141929 -0.09626137383521906 1.6295333470399473 0.8827601167961779 0.25447715070653054 -0.18920146938258334 -0.3466680832522016
1305031466.684412 1.19016763199031 -0.10564844381293542 1.6226151462352794 0.8796862723275167 0.2609855427729526 -0.18641389688084148 -0.351124575886856
1305031466.719744 1.207932590194766 -0.09752199476934609 1.6186207361857616 0.8793112011941394 0.2709891207021358 -0.1851481342322489 -0.3451041528378354
1305031466.748734 1.2232718255196011 -0.08272668651125817 1.6234793821689852 0.8772974989689635 0.2788569814386593 -0.18297411096409227 -0.3451207859903847
1305031466.7843 1.2428237607058492 -0.08905328610878127 1.6225448857951128 0.8729221635829959 0.2827263498714029 -0.18273507911848466 -0.35310139942166113
1305031466.819502 1.260630592750215 -0.08914700721326224 1.6155586190890188 0.8712361485067609 0.28777136300692263 -0.18525726503313053 -0.35187350272603307
1305031466.851527 1.2693890546428237 -0.08186970484543829 1.6193509164053108 0.8720476186407939 0.28904264519566114 -0.1885950507725395 -0.34701470704469956
1305031466.88343 1.2839796161219683 -0.08274344592697706 1.621583236435276 0.8685758550754169 0.2916442918303431 -0.19856220166572305 -0.3479836822215184
1305031466.919411 1.3020207826910737 -0.07758737659156678 1.6203918596505211 0.8642702071915995 0.29846144000828284 -0.2118388363792689 -0.34508272224301384
1305031466.952451 1.3227554665026258 -0.06723639668829237 1.6202660398295785 0.8609667687305809 0.30305265818488625 -0.22297189102688136 -0.3423139572389556
1305031466.984027 1.3407132791713319 -0.06214464553938373 1.6204913615756273 0.8584356856484219 0.3071571880547559 -0.227305593996862 -0.34216195342169886
1305031467.020424 1.3558277409441617 -0.058611830017105994 1.6215166535896683 0.8561974259032953 0.3117265734669727 -0.22950798556370358 -0.3421674967521053
1305031467.052391 1.3736225352919218 -0.0520356536570734 1.6167615241253628 0.8538322234157902 0.3153895011776579 -0.2324532871765512 -0.3427323534254853
1305031467.08413 1.3864688140261776 -0.051567549850422084 1.6178163785753588 0.853026945694872 0.3202752621001538 -0.229841733088215 -0.34196719745636617
1305031467.120528 1.3976960264689418 -0.04528638885407599 1.6217055902693587 0.8495783653335393 0.3305015670651226 -0.22851231925135188 -0.3417125038318876
1305031467.152363 1.4111304939070042 -0.042751694885520504 1.6209339353225931 0.845319881192739 0.33838835146210583 -0.22879854476582312 -0.3443527957895704
1305031467.184216 1.4230642896258423 -0.04095468689317709 1.6233479243255722 0.8427701395413683 0.34302312363883103 -0.23089938510930255 -0.3446144258481182
1305031467.220466 1.436258823352704 -0.03702137037716947 1.6231984613546444 0.8388971216014924 0.3495482773241532 -0.23567050392073882 -0.34427755484520456
1305031467.252275 1.4507616489471704 -0.03176035922824004 1.6254196142913926 0.8354139522357332 0.3550265924975534 -0.23962418643312325 -0.34441239278764624
1305031467.284258 1.4649452458408245 -0.029398888424311702 1.626221831813909 0.8310105813005635 0.36163048615684534 -0.24276308653903395 -0.3459926141733442
1305031467.318028 1.4789709180270418 -0.02621917546375654 1.6256491279671637 0.8270356875171394 0.36746913301305273 -0.24678838689634242 -0.34651681048513194
1305031467.349355 1.4942297180867483 -0.028000922624446055 1.623403438102343 0.8251120726808671 0.3709856895097347 -0.2509146296003987 -0.3443857348203682
1305031467.383844 1.507355308184483 -0.02187341233420334 1.6245094415378236 0.8237264917241452 0.3779325989576172 -0.255083572939362 -0.33700740094760767
1305031467.42016 1.519362267885744 -0.014245607519961928 1.6266683137876852 0.8216326014903313 0.3833032934079089 -0.2587656214748959 -0.33322485887699277
1305031467.452057 1.5351668109845087 -0.012758622081702588 1.629814146446324 0.8190209808230235 0.3865511100283809 -0.2636776997543949 -0.3320496091847574
1305031467.520535 1.5630105588586893 0.0001271617162203094 1.6231588338314364 0.8141139734609406 0.4009749384154111 -0.26925831953918006 -0.32239338445032184
1305031467.552164 1.5746013580975944 0.00902704500666543 1.6259896916608156 0.8128063224382759 0.4042238332291244 -0.26910495853072336 -0.3217631056353358
1305031467.584354 1.5859520109376875 0.013088243565908538 1.6287779210151492 0.8127267586836625 0.40431455246824266 -0.26939884637195294 -0.3216041354762304
1305031467.61868 1.5931438495990327 0.023425493395700804 1.6343506636481637 0.8123907381511515 0.40368087112350254 -0.2737656968507325 -0.3195549813146875
1305031467.651977 1.6023770610537467 0.033068795120133984 1.6373795114443341 0.8098878394532416 0.4009895179299417 -0.2812893097193435 -0.3227466781450872
1305031467.686044 1.6134633171910102 0.03933167919646552 1.6295995772225675 0.8059467914657465 0.40217271396985993 -0.2863262606534754 -0.32668662342432064
1305031467.718326 1.6174394178616789 0.05485130035981839 1.6311354909974032 0.8022292938473584 0.40704651129274994 -0.28753936986761647 -0.3287284723197917
1305031467.75258 1.6226608577710118 0.06523195987072476 1.6311684418356536 0.798487945176812 0.408435993522268 -0.2898839769159282 -0.33401245565127646
1305031467.788562 1.6276850793492723 0.07483380497933363 1.6257712579000794 0.7944176581272444 0.41082521360518554 -0.29281489043035935 -0.3382050683596197
1305031467.820454 1.6268487669108256 0.09292250920960371 1.6257812066660047 0.7919402013575887 0.41170451060880947 -0.29616356493345325 -0.3400253758529952
1305031467.852678 1.627868325244813 0.10379945545933884 1.6259457413810863 0.7887512676783387 0.40947821497107795 -0.30148074171477846 -0.3454104682475915
1305031467.888472 1.6288552681958426 0.11006443087423766 1.6182207363653098 0.7840103783540452 0.4095303424045696 -0.3085508471774243 -0.3498699758327894
1305031467.9208 1.6275181318212615 0.13052135251301872 1.6123610176560137 0.7787825047813137 0.41391550792229165 -0.31620935485529433 -0.349547430901692
1305031467.952485 1.6251513931929829 0.1492291221010001 1.6083596042526838 0.7738867051445305 0.41510459833496266 -0.322344124633118 -0.3533861985932962
1305031467.988523 1.6259390420443411 0.16168408067272239 1.5940210130852321 0.7696454472808126 0.4168115133827099 -0.32572248212135596 -0.3575177092568085
1305031468.020491 1.6181060705402865 0.18316174405470187 1.5889624724829634 0.7690318838902602 0.42064221434878657 -0.3248757541619077 -0.3551138316451197
1305031468.052668 1.610643428949877 0.2016262639266524 1.5901347552007374 0.7659360952729304 0.4228178629868308 -0.326210998396765 -0.35798510754260715
1305031468.088379 1.6087446528266576 0.21549207213231175 1.5781568583837926 0.7618551704480971 0.4249077195701255 -0.32999778750555714 -0.36073756299095566
1305031468.120522 1.602365258664298 0.23504723775134548 1.575523377394356 0.7611282457866732 0.42727112337658224 -0.33083214645154196 -0.3587105678238109
1305031468.152356 1.597552211862886 0.2515524105312737 1.573287297563048 0.7585465330021632 0.4299462195783339 -0.33147714073891593 -0.3603835605410572
1305031468.188327 1.5924301154956517 0.2726426576264779 1.5667985980095407 0.7562327491344542 0.43399324326632677 -0.33153009888678053 -0.36034662127990347
1305031468.220648 1.584950754315516 0.29582113252274556 1.5636687373249436 0.7570025733503316 0.4343659268228128 -0.33113341397987367 -0.35864189340115904
1305031468.252517 1.5804504983737213 0.3136135518858793 1.562463309273581 0.7583123197245775 0.4324771443538949 -0.3297967919966958 -0.35938839902550956
1305031468.288361 1.5737751298538893 0.3340927281790802 1.5643779171457006 0.7596056042651584 0.43282783245095474 -0.32699641712766797 -0.35879344560685567
1305031468.320522 1.5643695018427561 0.3573057770871383 1.5697718363327358 0.7608498201611594 0.4313595971815885 -0.32519785201312457 -0.35955918306465084
1305031468.352594 1.5626020722076144 0.3726276472584133 1.5709284254146767 0.7620528760607026 0.4261586952634684 -0.32486154825365765 -0.36349574276074564
1305031468.3847 1.5602051936225148 0.3833756642279135 1.5720605881558465 0.7634552618374061 0.4258096779047402 -0.32243709232332524 -0.3631205073656932
1305031468.420595 1.551760023544909 0.40234447543822577 1.5812489337147637 0.765208902958141 0.42752222015222335 -0.3202538501429481 -0.35932931633576776
1305031468.452605 1.546382804838358 0.42028819205839524 1.5865160969996654 0.7663095489623427 0.42598296694095916 -0.3213419458243413 -0.35783731065825786
1305031468.488646 1.5400848384003263 0.4358774520961427 1.5878457972876105 0.7673730803782399 0.4265033655245474 -0.31963069653721227 -0.3564683050962344
1305031468.520786 1.5289428180245037 0.44887149757106704 1.5994690946770578 0.7667010043423457 0.43051094621943836 -0.3147104084794733 -0.3574734310691707
1305031468.552701 1.5183223603304317 0.46297798272026797 1.610765284874149 0.7615212427608749 0.43667076164547675 -0.3128586560630692 -0.3626616936957943
1305031468.588614 1.5154310439528078 0.46698298130166066 1.613672201947208 0.7568582794886848 0.441318245060255 -0.31183159674854216 -0.36764766640850516
1305031468.62059 1.5038080076702864 0.47676468289609447 1.6206689066267677 0.7586999427381688 0.44362290164674534 -0.31033698792366793 -0.3623038392704203
1305031468.656644 1.488408502407371 0.4882971810791872 1.6334428202879487 0.7578714361199413 0.4459775984231709 -0.31208962839737836 -0.35963166137728314
1305031468.688643 1.4790237510936348 0.4992828300462144 1.6407282869252746 0.7522252497981728 0.4494416640543873 -0.31814190864447006 -0.3618633583856666
1305031468.72056 1.4722803345639706 0.5084535865604591 1.646536125362987 0.7471760116693846 0.45158873542565364 -0.32437979077843115 -0.3641062660227532
1305031468.756725 1.4633291629071687 0.5161248599535221 1.6510155619794242 0.744441697830993 0.45283217511851637 -0.32837473254479305 -0.36458142401125876
1305031468.788562 1.4500644892997485 0.5303568652516703 1.660616316895523 0.7407716997026018 0.4564504984739385 -0.33014991921240344 -0.3659388776922383
1305031468.817997 1.4435471898003827 0.5372300397429086 1.6658824328501178 0.7339790267143509 0.4599535402335652 -0.33213658779596833 -0.3733668654518173
1305031468.854887 1.44084709611055 0.5457729716894825 1.6616635128105341 0.730293624312178 0.4626958720919715 -0.33250859510739866 -0.3768577800944772
1305031468.88922 1.4293151882867894 0.5542014890812103 1.6611296030523366 0.7321813870914311 0.46337564582308594 -0.3273384592226426 -0.37688587180823324
1305031468.920539 1.4189272089551341 0.5587169277230624 1.6636472059359644 0.7365917152848275 0.46096648885758346 -0.3217543143432121 -0.37605412153783996
1305031468.956482 1.4142674880030728 0.5603963415850319 1.667499379650517 0.7430654323760196 0.45784950985745404 -0.3158049644624803 -0.37214891367835473
1305031468.986011 1.411100185963128 0.5553659541304717 1.6637174248595372 0.7471409021586293 0.46346148275686627 -0.30761823381954606 -0.363806196407015
1305031469.020731 1.39421257985572 0.5645919533594121 1.6637263930134165 0.7534763785874005 0.47172004149282254 -0.2981005029383444 -0.34769187438410526
1305031469.056318 1.3789245409046698 0.5712804743494379 1.6690354617079917 0.7569424511096297 0.47953539149901664 -0.2905128441318119 -0.3356876843175457
1305031469.088069 1.3730604948878946 0.582961129624161 1.660123140026527 0.7562463760043456 0.48964806043686226 -0.285912139067562 -0.32648192051708436
1305031469.119984 1.3597665984563794 0.5963682041338367 1.6571031598169155 0.7586887725233549 0.4991986225257453 -0.2736989167255173 -0.31667173018550576
1305031469.155046 1.3458404998138587 0.6024632077127914 1.653098339150199 0.7623143220513844 0.5045487037182315 -0.25988825728598897 -0.31107165363697487
1305031469.184648 1.3305094328960188 0.6095866964733285 1.6510426741686757 0.7663712274644859 0.5077883651150356 -0.24674752940832348 -0.306499224630773
1305031469.219541 1.3167119637715337 0.6112336406442282 1.6468645817274783 0.7691475874739255 0.5089185785604852 -0.23780718051420685 -0.30473203634488244
1305031469.256002 1.3079746544774478 0.6162125889362455 1.6380126136854583 0.7695897879766063 0.5122873816712261 -0.2330704118573749 -0.3016146215606851
1305031469.288263 1.2977343343895706 0.6225293450280893 1.6299110600834783 0.7716225081404802 0.5139085904715145 -0.22673047320353218 -0.2984794098283466
1305031469.319772 1.2915441063704343 0.6239579045159952 1.6183592499021457 0.773603832143044 0.5144312246146293 -0.22234417317794936 -0.29573754359043397
1305031469.356116 1.2842233637424207 0.6368783614092444 1.6054138619058844 0.7747230132576142 0.5185866810170142 -0.21651584637669452 -0.28981545036209433
1305031469.388556 1.2737228787640478 0.6462328781194329 1.599560521070158 0.7762919906491149 0.5212291534573686 -0.20361637230800517 -0.2902262699485992
1305031469.420278 1.2675067927971357 0.6452914686973146 1.5871609219599419 0.7767628044735468 0.5224224502630472 -0.19042545678456096 -0.2957236454122932
1305031469.456563 1.2599156608753717 0.6451654438625916 1.5746864500018574 0.776412463355649 0.525519700780968 -0.17845899448359168 -0.2986052881732009
1305031469.48852 1.2461856851714084 0.6416867729487957 1.5601936785767776 0.7771240354141132 0.526391521777491 -0.17030896814085597 -0.2999750902212688
1305031469.520417 1.2411503843217693 0.6387684236162554 1.5432730545713993 0.7777394430656116 0.5267705278227557 -0.16939069994465197 -0.2982297109437435
1305031469.556139 1.2372337477049145 0.6403586432999515 1.5267384743570813 0.7791745837979344 0.5281047535259387 -0.16886475719651378 -0.29236455161935354
1305031469.5885 1.2337668014677952 0.641896023549817 1.510584975939716 0.7819675375606793 0.5284756264166305 -0.16799889497003131 -0.2846342456094945
1305031469.620563 1.2285859943600512 0.6456704457463885 1.4969684893709536 0.7853268726367466 0.5298711831115123 -0.16439036231225473 -0.2747253923492312
1305031469.656279 1.2183372492965165 0.6457780330917077 1.483065790308354 0.7880007405167281 0.5306318416297156 -0.15751604610060527 -0.26958000076893057
1305031469.687925 1.21286561093626 0.6442913686215845 1.4675259394436573 0.7908313492306909 0.52949259512527 -0.15302929896656117 -0.2660928455244046
1305031469.718943 1.2056975880052268 0.6431705413141848 1.4529153762923133 0.794363180984445 0.52838203755456 -0.14699073362108084 -0.26113843707026696
1305031469.756754 1.2011787043544535 0.6378824781749829 1.436385613281204 0.7981634395423847 0.5259524449978653 -0.14191004938687374 -0.25723663670179714
1305031469.784733 1.1937274256199102 0.6321564482339962 1.4195018700139268 0.8015854729654848 0.5246276666171423 -0.13884595257500731 -0.25089508246295206
1305031469.820544 1.1866360884118943 0.6272723949882486 1.4088535995903064 0.8038430694895082 0.5250460424854553 -0.13762069636506563 -0.24335882321387375
1305031469.854359 1.1817627936939443 0.6218433396466596 1.396148089849638 0.8059392239040113 0.5258487858080979 -0.13734958444507162 -0.23469152837270346
1305031469.885343 1.1757665281110783 0.6154746238206585 1.3826450968017328 0.8077527975789545 0.525987161936589 -0.1376335649465279 -0.2278813842361305
1305031469.921773 1.1701674197238012 0.6071464251522343 1.3679652768740427 0.8087487448201969 0.5260284945018959 -0.13907210506170617 -0.2233348166263621
1305031469.95318 1.1644227913280025 0.5969430396600005 1.3550177857915389 0.8090225193152627 0.5262570569079684 -0.1420288206837723 -0.2199179105723899
1305031469.985327 1.159615092081794 0.5859012418742886 1.3442584840752787 0.80954706121943 0.5263253854116984 -0.1437046225097893 -0.21671208044668525
1305031470.024714 1.1543484365573387 0.5754053303135299 1.3354130320953588 0.8089177505159848 0.5286745193718576 -0.1449383376294902 -0.21248106680900805
1305031470.0574 1.1496894140475995 0.5654704828632677 1.3284561046044654 0.8079515089917498 0.5317501189142482 -0.14480923824055505 -0.20853406118144668
1305031470.088874 1.1444609425359664 0.5525317339383103 1.3204069025785086 0.8090276485303978 0.5311459301801671 -0.14470893537565954 -0.20595530774627682
1305031470.12482 1.1403705966746975 0.5416423449731199 1.3129758343187272 0.8102816732061487 0.5313537074967893 -0.14552940839489317 -0.1998200162343428
1305031470.156744 1.1346257237211732 0.5296705765765404 1.3069738311338857 0.8123002201171441 0.5304394958856578 -0.14632302628283583 -0.19336976387646873
1305031470.188876 1.1298116701396739 0.5163366630071061 1.3017137010814406 0.8139927610380436 0.528795309058744 -0.14859674283250568 -0.18897172834765483
1305031470.224776 1.124575701638314 0.5019862149216255 1.2968429474375824 0.8161117569683903 0.5273244780132775 -0.1481856600146175 -0.18420506288379762
1305031470.253015 1.1220308399254022 0.48739510688958987 1.2930205243253758 0.8185296614335805 0.5252471882708954 -0.14807797315013324 -0.1794366139746708
1305031470.287867 1.119621268022965 0.47365652285392207 1.2871287253347312 0.8205577755095154 0.5238364511033388 -0.14837503242641154 -0.1739688457707201
1305031470.324266 1.1155182735652742 0.45968964044857236 1.2815542152805195 0.8223959353677104 0.5231317381299917 -0.1478813172147152 -0.16771769754740626
1305031470.356871 1.1106287043245673 0.44626987174626775 1.2789378947746208 0.8247729184461041 0.5213255158515914 -0.14878366313776045 -0.1607257325485799
1305031470.388056 1.106436055354171 0.43397017883570793 1.2750832604971578 0.8263303870980155 0.5198511088637526 -0.15166676706124832 -0.15469359308245345
1305031470.42409 1.1005498678488361 0.42174387403444186 1.2737425095873074 0.8257465166932909 0.5215306241507899 -0.1531780386584848 -0.15061536015467947
1305031470.455875 1.0944285187328633 0.41049628484207673 1.2735766702907063 0.825089895597367 0.5227196056873582 -0.15525095497958613 -0.1479460002538268
1305031470.487958 1.0891075794194882 0.3975969014848184 1.2736582089420134 0.8252283378057249 0.5219626967590544 -0.1577199855992659 -0.14723294406138573
1305031470.524431 1.0839599944034661 0.3861908684387727 1.2739879705281358 0.8246670078300093 0.5227787878343794 -0.15902320542333545 -0.1460762996656332
1305031470.556484 1.0794025308843291 0.3763158934388366 1.2733039887622002 0.8249423602915004 0.5228644705127193 -0.1595121005844925 -0.14366188582663403
1305031470.588797 1.073452433783962 0.3667978659148326 1.2733454193866474 0.8265788347537606 0.5207931244859274 -0.16016018004095306 -0.14103428006889018
1305031470.624535 1.0688218522367123 0.3581216531391255 1.271527625924863 0.8287958653421642 0.5178076787358774 -0.16167229696798768 -0.1372395344898485
1305031470.656787 1.0633541893840128 0.34937036673672195 1.270819060724876 0.8311483622431803 0.5144871229239112 -0.16287968846584988 -0.13403584360618984
1305031470.68864 1.0587095488979925 0.34007654408965343 1.2691594302131168 0.8328252672809677 0.5121170687074014 -0.16462835339453707 -0.13052083119382535
1305031470.724461 1.0509139761264479 0.33088979779029287 1.2687446679613315 0.833651018575445 0.5109159729988328 -0.16486775236175213 -0.1296513478293343
1305031470.755944 1.0497717293841884 0.3262232471783819 1.2676765854147962 0.8348422301023583 0.5084498363112023 -0.1665585707806025 -0.12952010381541385
1305031470.788407 1.0439404681021878 0.3209682894058718 1.2676083055802487 0.8383632411160971 0.504726243487644 -0.16300785594279124 -0.1258051429040108
1305031470.820633 1.0369720904457311 0.3159243127427747 1.2677918948429634 0.8398840660603702 0.5012905553734476 -0.1652744886127734 -0.12643922684462391
1305031470.855509 1.0295950524682864 0.31157307979872073 1.2728554303228086 0.8412313554882759 0.4981795995661402 -0.16742891719207653 -0.12694270679076788
1305031470.886079 1.024900904037163 0.30628453325986654 1.2770192675037877 0.8422298420563062 0.4947913032515799 -0.17146010089758273 -0.12818694620203527
1305031470.92441 1.0169508878408187 0.3021799201026622 1.283007039577367 0.8433116020842326 0.4919243740048021 -0.17514379498456215 -0.12712436087750556
1305031470.956439 1.0072765441782332 0.30032393641823807 1.2929341145587314 0.8433560655754447 0.48956323334745844 -0.18023705534777767 -0.12881378455371198
1305031470.988276 1.003374231978119 0.29760379210352267 1.2981446748115237 0.8423334440947026 0.4878773721589672 -0.1855641880125716 -0.13422358519296135
1305031471.024309 0.996080173698983 0.29739492483316865 1.3065465248645938 0.8424754168226107 0.48603046947973155 -0.1871243083838871 -0.13781889565198263
1305031471.056616 0.9898123716205026 0.2955918884956603 1.3143524899266887 0.8435823488461243 0.48165582386965117 -0.18876002100541886 -0.14403521277013268
1305031471.08844 0.984896616315141 0.2905523189388583 1.3203182368113529 0.8454226603722622 0.4753349477297114 -0.19153216939805667 -0.15044148657053735
1305031471.123837 0.9792682045204822 0.2879533635615252 1.3258774618509004 0.8472448347737978 0.4695162128764547 -0.19546941116462546 -0.15337022231915262
1305031471.155886 0.9766370219840717 0.28473849346985686 1.3299783325803285 0.848544482832703 0.4640673949299896 -0.19917923070236263 -0.15792829915467563
1305031471.192698 0.9742901459357466 0.2813145227766977 1.332664046792905 0.8508677857436586 0.45857882357655394 -0.19979548113896373 -0.16065876716593266
1305031471.224404 0.9699297634555555 0.27710592707682963 1.3346841252000472 0.853777365714879 0.4534900035099102 -0.19844121122207764 -0.16134469993854164
1305031471.256397 0.964206103372483 0.2746919762778619 1.336447231544003 0.8557719303895427 0.45041915066043875 -0.19765548965738217 -0.16034119646549136
1305031471.288603 0.9594043020892631 0.27350983823214764 1.3382672386134655 0.857841699841796 0.44624276530776447 -0.19780335814106445 -0.16077575666478783
1305031471.32444 0.9578207917567036 0.273347320347352 1.3407985186106588 0.8590655926399039 0.4426571996762496 -0.1977165825020945 -0.16422260538891773
1305031471.356569 0.9577313062232803 0.270934468734636 1.3421903421363814 0.8614438790178591 0.43883437762025035 -0.19314853595917544 -0.16742901593851334
1305031471.392751 0.951408343941894 0.27116564068347526 1.3448338059051874 0.8654158861741078 0.4329247869700923 -0.18828112585345919 -0.16787403143946206
1305031471.424494 0.9478519429328626 0.2668616275005555 1.3501099803337653 0.8683537115652239 0.4257562174322855 -0.1880939894154419 -0.17121368541806417
1305031471.456975 0.9470154626096587 0.26257960195174196 1.3526515754271804 0.8698232624088855 0.42146772416862455 -0.19029946626757088 -0.17192603873398835
1305031471.492705 0.944962568917032 0.26042198771061625 1.3542299962351025 0.8714025342536117 0.4183512331874063 -0.19105539708021366 -0.17069769838366683
1305031471.524343 0.9434012750911588 0.25703393808836555 1.3561388082665964 0.873145581984707 0.41419959151878755 -0.19198183608646743 -0.1708755853219695
1305031471.556561 0.9431408459370654 0.2551922642193972 1.3578750262623611 0.8741326408141321 0.4122200115731499 -0.19175704904798738 -0.17086843612075148
1305031471.592606 0.9425407830415581 0.25438428735758006 1.3599749578459353 0.8757924855011727 0.40973399944046857 -0.18904095938761956 -0.17137411623697527
1305031471.624486 0.9421415699244495 0.25274097631476766 1.3631378590501366 0.8773715538593534 0.40734126807915555 -0.18575102410330085 -0.17259433606774116
1305031471.656831 0.9413343313949408 0.25248710839410904 1.3664143355021139 0.8794338523461663 0.4035147280970297 -0.18292911134472623 -0.17409452541361084
1305031471.693182 0.9418396572534784 0.24885461690256838 1.3700142464501246 0.8819905857558532 0.3976707323389402 -0.18074297772765946 -0.17686879679920048
1305031471.724753 0.9434679729043078 0.24585673965837712 1.3712973217598554 0.8842615332843151 0.3933206013549522 -0.17880534896872574 -0.17722610553646675
1305031471.753002 0.9437714127439736 0.247118407599369 1.3720651603276255 0.8875169015169799 0.38753373294477617 -0.1768673478320756 -0.17563967838285854
1305031471.792706 0.9459062823264656 0.24423812326266223 1.3736850534727214 0.8913760173847914 0.37904630894626345 -0.17339196160815887 -0.17806717540051217
1305031471.823821 0.9464233927749245 0.2384751030085091 1.3731048517036777 0.8952839626227321 0.3722737317462106 -0.16882301770118155 -0.17713747095562615
1305031471.855793 0.9461423406672258 0.23768022373641037 1.37164556010473 0.898614628705129 0.36685090410166266 -0.16687824369448112 -0.17338920098547386
1305031471.892838 0.9476983871768644 0.2336634031457352 1.3700126021572496 0.9019307853428549 0.3605152582697346 -0.1644108956304917 -0.17180996596096293
1305031471.924928 0.9484666471907622 0.2318356490261003 1.3668612139693386 0.9048003638134664 0.3569792226935907 -0.16060616087657278 -0.16765380191509813
1305031471.957162 0.946046063197369 0.23440378125673095 1.3654272019595117 0.9069669766648474 0.35474930936350424 -0.15539758521248745 -0.16557602862634035
1305031471.993177 0.9475543338724924 0.22566965791618246 1.365967818424981 0.9094594625327943 0.3491579785366441 -0.14858217382897349 -0.1699868514151083
1305031472.02466 0.9462180023666196 0.2209117419557701 1.361521518435915 0.9123642639745505 0.3462307464133412 -0.14236869500977445 -0.1656709834021977
1305031472.058063 0.9433010432170597 0.22189404894638856 1.3600256539297733 0.9144265051580126 0.34363949943848787 -0.13929905140270335 -0.16227087036333948
1305031472.092883 0.9430813485042638 0.21635753243162997 1.3592017119136335 0.9167990936915641 0.33734307892933496 -0.13643158697435093 -0.16451592926055292
1305031472.12476 0.9416535290438806 0.2093830699908502 1.3551106531784285 0.9187896344875068 0.3343147510542495 -0.13324538095366645 -0.162187925692269
1305031472.156982 0.9366351245095199 0.21220087771760124 1.3547382275957662 0.920180162730076 0.3338292162827605 -0.1323352961779861 -0.15592912447510668
1305031472.19289 0.9335121260379716 0.21113656728010724 1.3563797150401655 0.9215576143509345 0.32880707525583486 -0.13312985368225283 -0.157778049018424
1305031472.224678 0.9329150498501623 0.20777283809933178 1.357852632746326 0.9222168841305091 0.325659124405144 -0.13350641009873343 -0.16011930482873996
1305031472.256642 0.9297965786149286 0.21078164120759996 1.3592259228424246 0.9225169251974429 0.3249828954750336 -0.1332514369163176 -0.15997717003577552
1305031472.293139 0.9283913123153852 0.21148716717364638 1.3631433966933248 0.9227215657868622 0.3216001188877732 -0.1339361063005001 -0.16498301425380915
1305031472.324844 0.9291607065366767 0.20864151576858192 1.3657598736642167 0.9225162077764195 0.31899165917090533 -0.13477759370495365 -0.1704205621523098
1305031472.360912 0.9276011585879687 0.20561053724639372 1.3666310222819835 0.9228561347066935 0.3177263250051493 -0.13397186371163247 -0.1715752801733839
1305031472.392956 0.9245011459272521 0.20750439298347131 1.3674523366284257 0.9234787478134023 0.31632726018801843 -0.13571868829663444 -0.16942403739131293
1305031472.424694 0.9228504345633677 0.20925507835793544 1.369515984946376 0.9229975900631993 0.3162274275200688 -0.13914934570465118 -0.16944946860799934
1305031472.460919 0.9232563271597665 0.2113227279658319 1.370929577831713 0.9219649898213321 0.3176694700934044 -0.14117288650113613 -0.1706952882515038
1305031472.492972 0.9239270123754212 0.21220970739281053 1.3719916075340817 0.9217922640198467 0.3181518500450323 -0.1397520211458685 -0.1718947203718986
1305031472.524781 0.9212154372597033 0.21664235305716417 1.373101838677758 0.9224590002091296 0.3172577025819088 -0.1380111433290084 -0.17137639103050942
1305031472.561296 0.9185250238623334 0.22034269157123001 1.3765113651654628 0.9223721027680419 0.3152794121647637 -0.13944680243674493 -0.1743077324460081
1305031472.592968 0.9208286454348404 0.21991784117377836 1.3789896224053542 0.9217406459231343 0.313256202011033 -0.14248257884475846 -0.1787832438473285
1305031472.624647 0.9204766743128105 0.22174445014516536 1.3797887031610674 0.9218866562532042 0.3123353011669605 -0.14335298370852526 -0.17894573124021082
1305031472.660836 0.9190458951559455 0.2257598383430807 1.3807467900012174 0.9222433952346585 0.31113940708278237 -0.1442816854363928 -0.1784437854167468
1305031472.693008 0.9180955872934721 0.22904686451439876 1.3824237761430551 0.9222364571255387 0.3100494280719961 -0.14554812739446119 -0.17934606745821993
1305031472.724752 0.9162621089584742 0.23196224296981713 1.3839709492471337 0.9219143095483041 0.30975656091888404 -0.1462055879767909 -0.18096630863821078
1305031472.760654 0.9169368100696611 0.23556910380452 1.3848534319837011 0.9210382529694011 0.3110477966395867 -0.14695223430046148 -0.18260023441067647
1305031472.792775 0.9158888889082298 0.2389863478132821 1.3855572579278848 0.9205408698474661 0.3119121039667516 -0.14607274022184996 -0.18433149731824167
1305031472.824692 0.9147400364860908 0.24085774963554984 1.3863262959850082 0.920310322939363 0.3111947832913346 -0.14560509773866412 -0.18704510647439768
1305031472.860936 0.9135519784965306 0.2418789208988865 1.3874544561596445 0.9202884481550999 0.31014942379889293 -0.14591404723244028 -0.18864145337051927
1305031472.892944 0.9138761966511567 0.24247400986458462 1.3871385047953542 0.9206033602447847 0.30829526320801803 -0.14810682339484613 -0.1884352744403182
1305031472.924814 0.9134621465519082 0.24479673164436244 1.385232529982416 0.9208571081744794 0.30724774275766675 -0.14972824710616522 -0.1876231939643098
1305031472.961213 0.9132343485396476 0.2451165308339288 1.3854996440660963 0.9212571067062826 0.3057104402631808 -0.14980986704495214 -0.18810495419641343
1305031472.992815 0.9119527609349651 0.2459151413296099 1.3852131254333755 0.921791111817784 0.3047180144672948 -0.15017796517825868 -0.1868011151138049
1305031473.024564 0.9114166337758753 0.24591728339663838 1.3844915919955425 0.9215686679324895 0.3050431795991661 -0.15128920832513199 -0.18647097444246538
1305031473.060795 0.9112498333457028 0.2476920944432294 1.3840553746848598 0.9214153997748143 0.3059086578126629 -0.1517176562961805 -0.18545971773155595
1305031473.092012 0.911290514962877 0.24880240924149907 1.3834704966840803 0.9206700206119163 0.30790862856755585 -0.15094306359479873 -0.1864810477038275
1305031473.124072 0.9103785419158429 0.24896827141157626 1.3832295885643895 0.9206627311805854 0.3083950615523487 -0.14956830313560346 -0.1868206201744458
1305031473.15842 0.9090355806601579 0.24961705155062452 1.3842430907633483 0.920505181151839 0.3085959540639158 -0.14979011599527073 -0.187087331901775
