# timestamp x y z qx qy qz qw
1305031453.404816 1.3229691371155905 0.8281965534814935 1.509623199123269 0.8872438138084691 0.21702842332806022 -0.08928161932898347 -0.3971471651369721
1305031453.436941 1.3254551550204396 0.8076105086881853 1.5009840843214248 0.8869247499075746 0.20426939540425526 -0.08777158834750845 -0.4048884418966807
1305031453.473352 1.3243213065347268 0.7795010287534365 1.482962570943153 0.8839427116413922 0.18897855630189872 -0.0838038325751787 -0.4194154330014863
1305031453.505218 1.3313437013809792 0.7690899329089964 1.4849543573348272 0.8842556841378808 0.17584868956111083 -0.08274031388787169 -0.42464475024098064
1305031453.538301 1.3449685078322384 0.7505818751046474 1.4893800200731941 0.8825788360167915 0.1644629428574891 -0.08550575347544351 -0.43208252078103804
1305031453.574074 1.3491388163479177 0.7269043278395836 1.4972524308723791 0.8805850525370369 0.15604228954440744 -0.08662133292114889 -0.438996029372757
1305031453.605314 1.347463964253457 0.7056840124579485 1.4957460159718092 0.8771352734861759 0.1484664394391313 -0.08427366848706383 -0.44887568119283366
1305031453.636951 1.3418573380790724 0.6764094609103574 1.4974246062231849 0.8735488565729086 0.14229155246983172 -0.08168257226245972 -0.45825044098666934
1305031453.673185 1.3356971715438763 0.6503331799888686 1.4891003476041427 0.8670723893632925 0.1432969037916459 -0.08215764160853536 -0.4700016924361894
1305031453.705487 1.337898407622804 0.6251793944313712 1.4847317176111094 0.8609820025186304 0.14892144389716597 -0.08541092391231445 -0.4787873943234481
1305031453.736856 1.3481546042619115 0.6013592531548702 1.4816448429311737 0.8560723397345384 0.15716311214799603 -0.09038204356270618 -0.4840154868625781
1305031453.773786 1.3450085124383675 0.5715836551232797 1.4929656398690931 0.8523441730635203 0.16551963064246475 -0.09250167110064217 -0.48739727467460725
1305031453.805041 1.3538756033820445 0.5495032324761889 1.4986328605290982 0.8481289836957202 0.17625657141920992 -0.10105096489122575 -0.48928473360749963
1305031453.840352 1.358645145273445 0.521198179571933 1.520891217429065 0.8474631895737152 0.18405729488396852 -0.10549891511900915 -0.48662000927443716
1305031453.869618 1.3982871406329918 0.4906803512524399 1.5169162963970872 0.839296198677113 0.20133040624353463 -0.12452026115269701 -0.48943095832857314
1305031453.905519 1.5150073539815145 0.4849126805207155 1.4852208680637593 0.8237139949678123 0.224407767299077 -0.17343158430533517 -0.4909764699406191
1305031453.940012 1.6043773060728435 0.4880214795912546 1.4950672628548092 0.8155256728557908 0.24849789085597607 -0.21112201489612323 -0.47811522667599926
1305031453.972592 1.5929504734111775 0.458938774318772 1.477885839932711 0.8090661843704764 0.25838337910313697 -0.21865184718676117 -0.4804594763695061
1305031454.003179 1.60631662216747 0.44917936113141793 1.4686887636070511 0.8014953758854525 0.2741484751805992 -0.22874281304608196 -0.4797129365257465
1305031454.040976 1.6280055843859418 0.44917171418026075 1.438794261914304 0.7875671766950052 0.29040896820384027 -0.2451374919817194 -0.4850857485067478
1305031454.07269 1.6203435505316321 0.4311391361139166 1.4298346077394002 0.7797268918858458 0.3042743070173128 -0.2480293104736868 -0.4877751339553097
1305031454.104619 1.624883147843806 0.419517872434587 1.427468265718763 0.7710291505924779 0.322409094312641 -0.2514677621459723 -0.48819093543657827
1305031454.14103 1.6563631971660817 0.432495233732249 1.4029082582820047 0.7543344854114495 0.34210835383851185 -0.2702291633063526 -0.49083353354441434
1305031454.172688 1.6557994437170362 0.4134142969901819 1.402311479674253 0.7451571155483675 0.3585950773132022 -0.27554373906501767 -0.4901286479450522
1305031454.204626 1.6607712474419836 0.4100707667659343 1.4029805951006804 0.735684010628803 0.37881825245297157 -0.2831140806594383 -0.48488368238780427
1305031454.240858 1.6659219135281844 0.39618458605095236 1.3696657215818102 0.7199278165828704 0.3898182788470647 -0.29869810949851466 -0.49043357120913544
1305031454.273489 1.6859646420532242 0.40331988426865734 1.3566150029248358 0.7016099572031599 0.40806891741111223 -0.3113109518211012 -0.49427595316031997
1305031454.304744 1.6871833073740063 0.3709461514708014 1.352608237562699 0.6939249508956012 0.4182065212410424 -0.3046009693103777 -0.5007890949403564
1305031454.340806 1.6858770657893873 0.3686773757716069 1.3432307674784922 0.6842105551788893 0.43066682002397805 -0.3117314022571122 -0.4992049069861443
1305031454.372652 1.6918422776841073 0.3605266426876862 1.3487338793128887 0.6699603339828463 0.44740060054288544 -0.3136897549797881 -0.5025779453419928
1305031454.401962 1.6871068449634181 0.33583723438719626 1.3317648256328547 0.6582977537995337 0.456965481423478 -0.31165990459595094 -0.5105827259094653
1305031454.437248 1.6714105904913477 0.3141214856228264 1.2949184511086995 0.6447637403429688 0.4637571278427989 -0.31780077012497104 -0.5178916064408825
1305031454.470741 1.6707846309917027 0.30988763053380614 1.2572076575065656 0.6262437828070951 0.4750711459043527 -0.3240137679554261 -0.5264420281473663
1305031454.503859 1.6701075832718848 0.3045149728144423 1.2513546280984762 0.6159128756067384 0.4887490189237776 -0.32085873235745543 -0.5280392031211792
1305031454.538424 1.6673285717322794 0.2839793883581634 1.2401655924055797 0.6041300818856307 0.5028070717496264 -0.312551952916253 -0.533407132955366
1305031454.570323 1.6737938290530983 0.2653433113486746 1.2358191014862068 0.5977738957967874 0.5137986755875975 -0.30599802544554183 -0.5338937149768592
1305031454.602019 1.664909139259214 0.22054358057012347 1.218322951589494 0.5847613752946373 0.5272260914928041 -0.2917788330952823 -0.5430947384851937
1305031454.639284 1.67993545555604 0.21661814931585896 1.2249003461606762 0.5734212683742332 0.5454933357965902 -0.29285211326501354 -0.5365283863262127
1305031454.669573 1.6799386655992952 0.21121440219976256 1.1910714102647815 0.5647552246310379 0.5520697989401392 -0.3013643126760428 -0.5342752328111762
1305031454.70203 1.6915441581407948 0.19171843889650045 1.1958321982171436 0.5614360616334485 0.5634119502125307 -0.3008047786581879 -0.5261872368193989
1305031454.740764 1.7059710945621092 0.20137364824828502 1.1992027833580017 0.554025648433204 0.5758913534512631 -0.31055112875918756 -0.5147453023822899
1305031454.772865 1.7096051256528624 0.2223362785638157 1.1337978474744779 0.5448798279208771 0.569327534034052 -0.3333391793460428 -0.5175491509301581
1305031454.802574 1.7156901780085756 0.2223750006272756 1.1272693334473238 0.5495613272322851 0.5663361805461162 -0.3389800430899281 -0.5121896217240999
1305031454.8405 1.7221979709094226 0.22682725235442874 1.1158695648036028 0.5532167869192569 0.5634896182088227 -0.34425206117467083 -0.507859385281595
1305031454.870269 1.7244901701185944 0.22946447547757426 1.1079708688069532 0.5610938747763187 0.5583659638548255 -0.34630363847937323 -0.5034629123112405
1305031454.901065 1.726993435095267 0.2267848477980449 1.097817475192445 0.5691011891876572 0.5510024484840622 -0.3463731549188209 -0.5025393275967018
1305031454.94024 1.7310954343597051 0.22219344187573875 1.0899541486452462 0.5770641820606617 0.5443737591450064 -0.3447084971984231 -0.5018268546981108
1305031454.973081 1.7332949319343542 0.21555615876570772 1.0846316987020153 0.5851229472524617 0.5380490676754435 -0.34290600368310087 -0.5005495080511657
1305031455.010759 1.7371038221597603 0.20326194680502396 1.07764271992118 0.5911429337812283 0.5319371722822052 -0.3421132101735191 -0.5005511242717405
1305031455.040446 1.7268503788621392 0.2218600608167713 1.036609438826717 0.5867442543895208 0.5272588008788068 -0.35746726631719317 -0.4999464874848518
1305031455.074282 1.7251179552086284 0.21728672694155524 1.0302608579920238 0.5895893640538005 0.5249880547901189 -0.35671402278462316 -0.4995268061587221
1305031455.11034 1.724864871686265 0.20834726916527627 1.0240821657678487 0.5907675149446547 0.5218127294003733 -0.35541859965395173 -0.5023771867251476
1305031455.1427 1.7250646014639943 0.19537181577671853 1.0139973394922457 0.5930500697263671 0.5170438460911554 -0.35302925265720625 -0.5062880827998139
1305031455.172771 1.7219600274075577 0.18211519236971144 1.0076947628252748 0.5980193088833708 0.5116897107324873 -0.3513981887856658 -0.5070166260107382
1305031455.210307 1.7196239000193625 0.17044511179086796 1.0038596342923376 0.6043962857687416 0.5067854129485595 -0.35079710951356874 -0.5047920987183071
1305031455.24096 1.7137865619566057 0.15814331971360984 0.9981727735712034 0.6078741967691175 0.5010687197578289 -0.35129349743430843 -0.5059762619361924
1305031455.273001 1.713106091380344 0.1444349554096378 0.987482784763794 0.6125292561992731 0.49460766011714724 -0.3506156998360805 -0.5071881346027932
1305031455.310303 1.7085153540815716 0.13057195271897637 0.985692364114675 0.6232558263840543 0.4873911616423545 -0.3485291296342019 -0.5025231101428786
1305031455.342381 1.7040725840484185 0.11346934916509127 0.977707326303259 0.6318795919218823 0.4780822794911509 -0.3514055180683263 -0.4986779293495068
1305031455.37412 1.6949820964290256 0.11067880131423725 0.9480780731294003 0.6350560342787791 0.4709597713442971 -0.35982358512170187 -0.49540661551053483
1305031455.409213 1.6870394547148018 0.10386837798736824 0.9496110450729369 0.6465750566925751 0.4654791927682431 -0.35696546739846263 -0.4876940354851749
1305031455.44238 1.6826346658815146 0.08631857887513655 0.9512525625296235 0.6580554472913749 0.45612784396933814 -0.3541849865616561 -0.4831805185852913
1305031455.473168 1.6774161654009052 0.07134026502213407 0.9573009252991024 0.6667581011578876 0.4488301298483973 -0.35411208429745267 -0.47811063660528685
1305031455.509397 1.6730376670136065 0.05762799498037994 0.9546769337632314 0.6732720218461675 0.4401197172104532 -0.3564097609117997 -0.4753645984384599
1305031455.540835 1.6641488035778167 0.045098347073449764 0.9583364882248949 0.6821585740581575 0.4290215975994872 -0.36148358312430817 -0.46896670219082326
1305031455.572996 1.6605106823864555 0.03151461108902229 0.9629883336498646 0.6872116576116356 0.4197625624102552 -0.3699594710245105 -0.4633244205097644
1305031455.608802 1.6594683815783036 0.014736332186770142 0.9650407328045979 0.6924172285826146 0.4096235952228284 -0.3778734052339651 -0.4582341993081522
1305031455.641333 1.650033682837577 0.002679805796228228 0.9689221021525257 0.6990770762353024 0.40023942499532744 -0.3829132240822491 -0.452191449482018
1305031455.672887 1.649769784049777 -0.013425138235867095 0.9789013206095225 0.7002522351954199 0.3942976130115041 -0.3845280049302292 -0.4542184638493089
1305031455.70768 1.6481536910014458 -0.03303676304157083 0.9818938311866975 0.698262753937947 0.392366306777151 -0.38361653236877535 -0.45969137892983064
1305031455.742005 1.6434523422034897 -0.04521611219079745 0.9853949553306602 0.6960222051264002 0.39377056792071974 -0.38060010108678954 -0.46437204143133193
1305031455.773667 1.6405426327516175 -0.05660348223335915 0.9924085341781302 0.6967140812658006 0.3931368539783057 -0.37701687813400514 -0.4667881496054505
1305031455.809109 1.6383225368790213 -0.07028447619973999 1.0089262102342038 0.6996927992272114 0.3894475410377329 -0.374106326487206 -0.46776602695311315
1305031455.838364 1.641174278447168 -0.08932234692039714 1.0181909937714706 0.6997861321365783 0.3861921296004487 -0.37262478220615275 -0.4714931388576242
1305031455.87222 1.6397394508421859 -0.10222100297885303 1.0277808643351352 0.7001157667104672 0.3858492232405896 -0.37141516799127766 -0.47223835413280374
1305031455.908418 1.6384949659791461 -0.11582707404108687 1.033794558491318 0.7002576881201 0.3844938093223449 -0.369500203302394 -0.4746296246348036
1305031455.939606 1.6391413778078956 -0.1274648375160164 1.0474220544733253 0.7028382817359073 0.3837967986262898 -0.36593844088941113 -0.474138613245278
1305031455.973594 1.6396435493873596 -0.13466744095092484 1.046219592524608 0.7007758038589876 0.38402910336223295 -0.3653435537407895 -0.47745052962232637
1305031456.008998 1.6426648176789638 -0.14893116844084667 1.055689356920609 0.7031491128507096 0.38403595573812166 -0.35929328697337015 -0.4785457592889513
1305031456.04193 1.643178790337019 -0.16635302343001668 1.0571414473732623 0.706275639549938 0.3838502575380589 -0.3518187716208476 -0.47964283868467156
1305031456.073846 1.6362331950084907 -0.17565720927812867 1.0693282053222881 0.711158085535881 0.39017630970103856 -0.34070333339114744 -0.47532921574544545
1305031456.108963 1.6293060792128204 -0.19682773019557545 1.0895764521579947 0.7156930966030608 0.39366720324144955 -0.3269452339354628 -0.47530657324895337
1305031456.140836 1.6271714756408797 -0.20113583598805973 1.1008125538972715 0.7176950471459522 0.3938434786297844 -0.32341328485467435 -0.4745576685951553
1305031456.173198 1.6231565089015785 -0.19548216886368153 1.1129581030265832 0.7202185530648427 0.3937382377976795 -0.32150689048693487 -0.4721109565415574
1305031456.208934 1.6203828832878804 -0.19639966396665817 1.1137750642191877 0.7195252482571782 0.38642705758650536 -0.3218783035788158 -0.47890698885139016
1305031456.240996 1.6237769398595667 -0.21218041955269182 1.0983272207349242 0.717261346042154 0.3774068132730478 -0.3186335173093896 -0.49150070235547716
1305031456.277928 1.6191587281607358 -0.21021990741913774 1.119243560584286 0.7283065199140926 0.36143115662150804 -0.31268097190480104 -0.491088323911831
1305031456.341659 1.6140620700315893 -0.21568889988096224 1.1163244444125977 0.7299114849807913 0.3492762183803433 -0.31133320417572513 -0.49830410729266444
1305031456.377115 1.6025737591829352 -0.21440046240011004 1.1301773864390794 0.7402007683223919 0.32972270948254223 -0.302976550206899 -0.5015884442958769
1305031456.440717 1.592511240672888 -0.23846457991572628 1.1399633925694541 0.7447708396758838 0.3142898781715097 -0.2950345025906291 -0.5094044671265816
1305031456.476027 1.562319501219755 -0.2896778396699206 1.1480011351271084 0.7569246680055907 0.29723200906673686 -0.28376475504555304 -0.508129652298225
1305031456.541832 1.5446849107786988 -0.2883824021369773 1.1418889286386344 0.7595617964191523 0.2958707965917099 -0.2874725148687119 -0.5028776216334898
1305031456.576087 1.5253736432249596 -0.2919904190738602 1.139495880770944 0.7650257318408512 0.28532295915828226 -0.29057483045650795 -0.49889147768197345
1305031456.640699 1.513821000646301 -0.3047369059411482 1.0785616989791191 0.7596008413883829 0.2786134853663123 -0.2940224631959795 -0.5088534943087893
1305031456.675835 1.4875051614893007 -0.3290612222992419 1.0595621779056827 0.7623839360052923 0.26452973411519864 -0.2923557073525825 -0.5131499724918555
1305031456.740863 1.470609295686859 -0.3503607971791875 1.0518402845055481 0.7675970997587152 0.25415525838340425 -0.2917795489036632 -0.5109447053445695
1305031456.777218 1.4471441050217482 -0.359601848548927 1.0577656212413749 0.7671684882260924 0.24852094132477837 -0.3089912646643864 -0.5041966389783268
1305031456.84105 1.4454971584726208 -0.3767638224473763 1.0461487850789797 0.7668912501596139 0.24289049232114454 -0.31490578491894755 -0.5037026561307754
1305031456.878006 1.4048391157751896 -0.4075142037337765 1.04301835929479 0.7746122644697971 0.22998911913365255 -0.30486158856367956 -0.5041232553964649
1305031456.942298 1.3904715857842675 -0.4155704782124137 1.0221257755618898 0.769836206235746 0.21935438362305978 -0.306441459133872 -0.5151014483359613
1305031456.977139 1.3774773603803183 -0.42231494711589274 0.995923330787637 0.7677501330292659 0.21129219637956084 -0.30837989062074467 -0.5204009838993229
1305031457.006193 1.3540397187495579 -0.43635310479916506 0.9943481989124519 0.7731514988159814 0.20701033516755504 -0.29854008389192765 -0.5198627697019848
1305031457.042512 1.347664522210186 -0.43607533017497474 0.9856672988638919 0.7726617237799274 0.20437612465675725 -0.3002582243034567 -0.520643120586311
1305031457.076011 1.3305421402602733 -0.4413401503694689 0.9636626906177618 0.7773524970408359 0.1956469422535975 -0.3019124610749916 -0.5160370482618826
1305031457.14212 1.3208285772508253 -0.45248595317494356 0.9702794850504032 0.7815687208497483 0.19007702643470423 -0.2957159832364908 -0.5153378657439258
1305031457.177463 1.3158748948477634 -0.47288085127449897 0.9677547201155958 0.7845058799446658 0.17113578769749427 -0.29669257779021607 -0.5169493019490407
1305031457.240792 1.3101312110516645 -0.4835777991961696 0.9749074075448532 0.789846607305721 0.16418136009047757 -0.294357830154141 -0.5123868516593972
1305031457.277247 1.3131628715191315 -0.4984101332097988 0.9832476779626387 0.788156219447514 0.14618983965484117 -0.2996435988502292 -0.5173509623031323
1305031457.342954 1.3094278988213797 -0.5190472057139022 0.9731246748196487 0.7864055652429415 0.13449676653422143 -0.2960998184755189 -0.525168358001064
1305031457.376037 1.323854043306376 -0.5300458897186 0.9583535042972903 0.7805147491217641 0.11594857327698618 -0.30543256295858207 -0.5329761760557152
1305031457.441357 1.316548122860406 -0.5550740081785471 0.9575421135850243 0.7807359871156639 0.1018378639340116 -0.30284253270034717 -0.5369979220439562
1305031457.476577 1.3191325577292723 -0.5762382292005358 0.9675334507439394 0.7796335880536543 0.09425801685486103 -0.31052338988323236 -0.5355951073083095
1305031457.508603 1.3162799678461532 -0.5956501936530751 0.9630764898960499 0.7746368796927896 0.08737641894096333 -0.31109046348354646 -0.5436228376020127
1305031457.543946 1.3157459882479288 -0.6146305995443575 0.9656211145321638 0.7725515694621637 0.07942940875521715 -0.31119146390533625 -0.5477361722022728
1305031457.576581 1.306496203953937 -0.6350575718294578 0.9716941315195836 0.7723134229010719 0.07138470630384887 -0.3086689801199714 -0.5505993654413707
1305031457.643534 1.3065540629073666 -0.6452039525944919 0.9812121320042888 0.7727601107743359 0.06905249899373923 -0.3099466338087716 -0.5495513149555435
1305031457.675414 1.3047224307446548 -0.6699247900751626 0.9696796473403169 0.7674523986383993 0.0629601317219805 -0.3123273892797457 -0.5563312318604956
1305031457.707739 1.3001869467845826 -0.6839057719009919 0.9824832319868311 0.7716809014459484 0.06215846632064885 -0.31181463623030564 -0.5508325916653765
1305031457.745071 1.3084589065831285 -0.6853135225341634 0.9971583541419425 0.7719785255844647 0.06650447941538686 -0.3151683220490714 -0.5479920063567507
1305031457.773518 1.3081340806030481 -0.6963370475442475 1.0059470966157158 0.7698624485912644 0.06464749219579222 -0.31552346912496604 -0.5509786315577078
1305031457.807824 1.3169263090879229 -0.7036051849516897 0.9979952376566168 0.7606279264415315 0.05844156167229786 -0.3215678877473655 -0.5609133934541561
1305031457.842853 1.31939732053025 -0.7241136954991628 0.9916312398830727 0.753377670851656 0.04966777328991674 -0.3198810866404849 -0.5723908522751372
1305031457.87592 1.3184255639839964 -0.7372258971179333 0.9870466277915928 0.7501461971038792 0.04400563752561111 -0.31667573469363103 -0.5788442501163863
1305031457.906126 1.3074066114546765 -0.7567191098220366 0.9799456807477674 0.7411827090729955 0.034378280446786015 -0.31292265075816533 -0.5929129280486474
1305031457.942604 1.3050104006235115 -0.7819897712602158 0.9895954157098676 0.7351296683998625 0.02522108947558176 -0.3123365974349265 -0.6011606417478988
1305031457.976744 1.2710123722813034 -0.8220364799016231 0.9909439935966584 0.7247463763577257 0.009703023520826892 -0.3104164477267664 -0.615052981678486
1305031458.009019 1.2676053428348455 -0.8303166911832628 1.0011389506985353 0.7198092937303453 0.004562591786726141 -0.3098787481204361 -0.6211512898472643
1305031458.046303 1.2357462101796715 -0.8505902666603655 0.9672028028244848 0.7064225770557928 -0.007999740141038048 -0.3058607347965423 -0.6382416138839958
1305031458.077315 1.2146914964058524 -0.8562363292378771 0.9616475312579004 0.7050958730241109 -0.01413650804872407 -0.3035996041823214 -0.640677180274819
1305031458.108896 1.2037624183834101 -0.8595990928822699 0.9702709148400801 0.7070631911789977 -0.016389951090927665 -0.30129829597211877 -0.6395407336732405
1305031458.144808 1.1872717738668253 -0.8639132587556619 0.9824455446450664 0.7073098977561322 -0.020010819187373956 -0.29959089629930036 -0.6399668510995253
1305031458.178039 1.165623927623481 -0.8732527743529284 0.9844334442484002 0.706731656475027 -0.024523586148575253 -0.30122361493592936 -0.6396821814490449
1305031458.209384 1.1523736444448938 -0.8684189055783404 0.9806619658134272 0.7081407460061622 -0.020761449315134663 -0.30586621993500995 -0.6360436318137612
1305031458.245729 1.1329017266149117 -0.8742231596141674 0.9755731702991053 0.7029087881767677 -0.02016106740704235 -0.3077292385068588 -0.6409488923719778
1305031458.277447 1.1238782504379068 -0.8844361961414279 0.9679849258596718 0.6919287663638597 -0.019259682455163855 -0.31467996718474744 -0.6494922364143546
1305031458.308343 1.1121929306122886 -0.8884421250213451 0.9562258010050386 0.6853711318812554 -0.018071401130466458 -0.3240590665289341 -0.6518631431868075
1305031458.343898 1.0858360852674338 -0.8843584989962695 0.9250559194642471 0.6662654052403701 -0.024388582330272593 -0.3343464157868145 -0.6661141652016682
1305031458.376213 1.0528845043698458 -0.8818613407047945 0.8985097791715615 -0.6486116237735644 0.032482050127188286 0.339390087048556 0.6804867719056179
1305031458.407856 1.0289848034048723 -0.8775014946771293 0.8969187208564396 -0.6411538231271199 0.042215470790378115 0.3444866808545165 0.6844476282589216
1305031458.443957 1.0244907700422163 -0.8596941493258707 0.88590053239717 -0.6293180899860401 0.05162552619731964 0.3509359577416465 0.6914748731697526
1305031458.476034 0.9780043427122921 -0.8689162103034319 0.8741799531433688 -0.6103704461454701 0.07086026525920662 0.33503508872223525 0.7142676183367538
1305031458.508869 0.9478862701661627 -0.8558829838447574 0.7691822599186364 -0.5681676883313699 0.08445927041928915 0.3376443642440119 0.7456865245333897
1305031458.544401 0.940205055476448 -0.8445455549977233 0.7622963233525392 -0.5618096508709252 0.09222318514491047 0.335814975463457 0.750395297536235
1305031458.576178 0.9165186926591495 -0.8351377243967005 0.7596245804846914 -0.5526230839921094 0.09788662176976946 0.32924713457289484 0.7593564780082476
1305031458.608421 0.8617972320207722 -0.8153177375261484 0.7238128454316475 -0.5386139304236582 0.09907992504426336 0.3177355971091066 0.7740299042908623
1305031458.643659 0.8190718337536085 -0.8020172911274863 0.7165974274783296 -0.5379098921252667 0.09827262989742827 0.3188385390025911 0.7741688602711427
1305031458.676991 0.7869175380834269 -0.8068123117026823 0.7139272384935128 -0.5379037313842575 0.08637456841221007 0.31815327129358256 0.7758720936209067
1305031458.744924 0.7920057400034601 -0.7896820195910264 0.6888503364656025 -0.526248146930225 0.06863451788368438 0.3324578826650605 0.7796306478463012
1305031458.773802 0.7707711377327651 -0.8085931462758762 0.6816141085916761 -0.5175494118442816 0.05623480086442612 0.32837817797544805 0.7881294472996815
1305031458.810621 0.7398839303105907 -0.7998511666587363 0.6459999970784036 -0.5032408087249426 0.03916813692338016 0.322973795830928 0.800563846729528
1305031458.842919 0.7253451152795879 -0.7784511607676188 0.6285538480850913 -0.4973109371293138 0.027040840895684662 0.32299186203726027 0.8047526836195834
1305031458.875889 0.7228024491990491 -0.7612513164087974 0.6387204405959852 -0.48948091674629246 0.01922344890489637 0.320201471662192 0.8108698469537367
1305031458.910599 0.6935037647766337 -0.7422190527531891 0.6260435362647597 -0.48444509650434836 0.02886538767859057 0.31716592599911175 0.8147916993024557
1305031458.943997 0.6621554990569647 -0.7279056582300053 0.6246419453615072 -0.4865314704568169 0.04057941483223863 0.31339864728286965 0.8145070455362974
1305031458.976007 0.6420634822925619 -0.7116384888973248 0.6279441911328938 -0.4820369471135236 0.0478200517307401 0.3133966857925663 0.816784023842398
1305031459.01256 0.6227530837253604 -0.760432389372697 0.6312733988075072 -0.47725652310049543 0.05472381103211944 0.31206459194385683 0.81966286125398
1305031459.073657 0.6008777952724123 -0.7832569690445834 0.6329992121963909 -0.4700914610892093 0.06019826140242733 0.320956265278471 0.8199861360496489
1305031459.112711 0.6020537656220392 -0.9108465531036394 0.5438825040447756 -0.43514784573467613 0.04085792892877459 0.35083512562250196 0.8281857862977153
1305031459.144497 0.5785970966295616 -1.0001624604144959 0.5330477333517438 -0.4320486639638479 0.03623591845702233 0.35463678114025404 0.8284042875571744
1305031459.176463 0.5361569235249342 -1.0147327747299892 0.494423435261184 -0.4148341409090188 0.03029912375697752 0.3522926410664529 0.8383820690390862
1305031459.244159 0.5053752457136307 -1.006848301712273 0.479613532511106 -0.40513113417494456 0.02906089507587068 0.36244088848955064 0.8388449385019959
1305031459.274941 0.4919619768678725 -0.9535783372829532 0.4689166840316166 -0.39582412842167275 0.027075698644064866 0.3706202302136584 0.83978021580562
1305031459.311921 0.5358538874056015 -0.6332497103163532 0.4143783418514165 -0.3409206957491785 0.01067993103525752 0.4164043209468828 0.8427730772751011
1305031459.374084 0.522455840074615 -0.5747118940351248 0.386047756700173 -0.3290089630269976 0.0310542451497451 0.4222505368323452 0.8440931348203677
1305031459.408831 0.4917008569071002 -0.30326338909425415 0.2644687793560124 -0.24038849782924646 0.018825463406525873 0.4464363145067702 0.8617154919859222
1305031459.443181 0.49113090141529675 -0.23234379834916252 0.22129783181284157 -0.24032344620551 0.04557404352627797 0.4687867801579669 0.8487676964338936
1305031459.473401 0.4585106166121848 -0.13939700167855523 0.19715365430040166 -0.21806551916561123 0.06813084096789969 0.4739868930095285 0.8503775885541746
1305031459.510267 0.4852478701800228 -0.09406779597886142 0.09351099489529487 -0.22569548260381386 0.07944646264340753 0.5265752074687803 0.8157624406559132
1305031459.544431 0.5743818420043358 -0.07441584512469435 0.02140022467721832 -0.2348467734388826 0.05399953453749103 0.5615111285191406 0.7916036229226351
1305031459.576817 0.567450177226926 -0.07782373984179687 0.0061929130649502825 -0.23982774930483533 0.06094106579192201 0.5752559347022819 0.7796470013751902
1305031459.611939 0.5551342268649564 -0.057456453863160395 0.0010216359437380754 -0.23419627821311348 0.05851261042491177 0.5861446026378443 0.7734099058655198
1305031459.643453 0.5430480977920993 -0.024733326121903335 -0.0115751028409878 -0.22021851486971988 0.05477693352198202 0.5885634798563169 0.7759486603132493
1305031459.675678 0.5100342245629387 -0.0043035715109044186 -0.01986408239050808 -0.20989569016012208 0.06574927383091574 0.5918689704469561 0.7754430695189517
1305031459.743425 0.508231726002018 -0.012733796761939972 -0.027906384167327453 -0.212897858470831 0.06908331525875894 0.5947062764451354 0.7721570061640023
1305031459.776577 0.4894578471803269 -0.051145612282166686 -0.027244129923676384 -0.21320006755445337 0.07899492599022365 0.5864768058797821 0.7773998257188021
1305031459.812562 0.47972584138328783 -0.0650489838000573 -0.026754816825197147 -0.21195749615566656 0.07780370783215482 0.5844700363630991 0.7793685774168131
1305031459.844736 0.4687115257942854 -0.08563215097333562 -0.02554878074275686 -0.21530508380568036 0.07593992503712733 0.5822885139517174 0.7802672203756127
1305031459.877006 0.46107925328424354 -0.09158691721513175 -0.016222261572839153 -0.21708857429506082 0.07019397690698306 0.5833797241994946 0.7794956407251046
1305031459.943616 0.4501420173203549 -0.09498942161938483 -0.0069533827127136755 -0.21327645957144556 0.06774406369008386 0.583184119128825 0.7809098391129157
1305031459.97943 0.43520056694470705 -0.12497493976464624 0.0037566575155948984 -0.21809298665414573 0.06723181741898478 0.5868486857040633 0.7768680402656735
1305031460.011909 0.4392598146097347 -0.12514267669615858 0.009881684916759406 -0.21696727455915518 0.06242508591634124 0.5904196019845174 0.7748761217195648
1305031460.043717 0.43459881197597694 -0.13449853213758942 0.015238723385223196 -0.21466471354580044 0.06268352276508013 0.5920216185259476 0.7742740083006638
1305031460.079449 0.4327239667677743 -0.14030810649360048 0.017908763928385897 -0.209635255098536 0.057385995768048405 0.5993428961258589 0.7704206644249292
1305031460.111951 0.4204659997142205 -0.13540249841088256 0.02200877465634741 -0.19607667410767143 0.05225836306257156 0.6073608462254009 0.7680727855049021
1305031460.144204 0.4843061151451824 -0.11504035293916934 0.012297867019653266 -0.19227821097447542 0.019789785590493807 0.6361187815347179 0.7469875164616363
1305031460.17873 0.47587853843926503 -0.11340079170489134 0.021816974020367422 -0.18810785683113096 0.013832433338802927 0.6422756517981876 0.7429038195443202
1305031460.243467 0.47996080187003864 -0.10607004617361088 0.037824408740271924 -0.18610459676976204 0.010376051207055046 0.6455831426091581 0.7405942361383838
1305031460.279164 0.47974653002836276 -0.1145132749332583 0.0497368115158529 -0.18508109964200983 0.025279574840929197 0.6425740472709146 0.743104651731533
1305031460.342879 0.5052501839314444 -0.06952819263386933 0.07077192519955647 -0.17889038309040145 0.014404992135326105 0.6519603382563851 0.7367078419427681
1305031460.377806 0.49940227680553595 -0.0712933596779392 0.08492553794042745 -0.1846360919059131 0.03134611677322999 0.6504603459988346 0.7360898537624511
1305031460.409883 0.4945051104909542 -0.057673264941650426 0.09295270261702797 -0.18196525874440544 0.03804695910434311 0.651021215445946 0.7359432386755633
1305031460.444036 0.5160187710390397 -0.031208781183570084 0.09605520507350196 -0.183697425134691 0.036595528784570674 0.6600726245070463 0.7274751910878076
1305031460.479856 0.5106777780481735 -0.03286889402300016 0.09428163449992927 -0.19164874792714426 0.04958747722331059 0.6596927057183906 0.7249947403550834
1305031460.508966 0.5219964716943081 0.009200287486742856 0.09284773061796099 -0.19024720686051055 0.04296467826765436 0.6693337011624629 0.7169047588008394
1305031460.544245 0.5235505954619388 -0.008221562302627092 0.09585159075856181 -0.20102572401211588 0.05405163168485692 0.6680879844786993 0.7143707191597359
1305031460.579561 0.5282460270198502 -0.014964808676853661 0.0939461359104703 -0.2058303846202641 0.059589055203122354 0.6671144607034283 0.7134712983627635
1305031460.61219 0.5367803781563386 -0.025566101084538453 0.0946853937191886 -0.21204511599991233 0.06556833442411206 0.6686105184227082 0.7097165891790532
1305031460.644011 0.5407285800799201 -0.032735228171713704 0.09095558840630533 -0.21380997504395413 0.07045134169067649 0.668581081031236 0.7087462459250073
1305031460.67935 0.5357276662600223 -0.03930758968827513 0.09189581664405029 -0.21523343343117404 0.07328582614226041 0.667046977488288 0.7094731049474774
1305031460.711684 0.5368752821238539 -0.03792420617798009 0.0898202912059322 -0.2152379438212003 0.069718733641313 0.66749436627932 0.7094104571434244
1305031460.743767 0.5362642042000829 -0.04221479135738197 0.09469648904943513 -0.21651364060664027 0.07322232716881588 0.6653574020960289 0.7106756374825753
1305031460.779201 0.5301351470969361 -0.056798648986491146 0.09990708155054473 -0.21893094519755524 0.07942719417118135 0.6624656874008077 0.711968942495088
1305031460.811318 0.5319957043359446 -0.06034570313275692 0.10030929263455697 -0.22037282624027305 0.07575549951056684 0.6601492994352306 0.7140727023237572
1305031460.843836 0.5286599185280311 -0.06670217477578745 0.10761635369408024 -0.2248084097282969 0.07760654138027558 0.6554756860362951 0.7167914819985475
1305031460.879093 0.5287391660394263 -0.0806961396335446 0.11782686602129076 -0.23277631041980737 0.08160261962232357 0.6498864922946371 0.7188906376571392
1305031460.943375 0.5314369819213491 -0.0874582781657467 0.11863496388452148 -0.235697557296093 0.07875033270176211 0.6479207010935683 0.7200304241338944
1305031460.979083 0.5377177610527811 -0.10389111191341076 0.14509099998086566 -0.2407754312539389 0.08562565865554708 0.6479339747654519 0.7175493032739466
1305031461.043398 0.5408595960310533 -0.11603117251644755 0.15356181858603815 -0.2413695774143955 0.08884830487110273 0.6476274643002428 0.7172345315894694
1305031461.079602 0.5152266507857867 -0.11913581335578363 0.16246144003104007 -0.22576177878655107 0.0960305396702596 0.6486812954004921 0.7204320451557598
1305031461.111961 0.5216262758626711 -0.12763380459247875 0.17347991502198787 -0.22808029370992175 0.09623975479149324 0.6472353232654301 0.7209741503940091
1305031461.144098 0.5282058704375666 -0.14120630472622087 0.18490523811917522 -0.2285872921458705 0.09937642106771016 0.6456671718802778 0.721793654697321
1305031461.179883 0.5251879132034353 -0.13550592548935048 0.17970468919948077 -0.21779873035535766 0.09714839044620034 0.644434220909531 0.7265193997478887
1305031461.21118 0.5233804012574333 -0.1422165039917978 0.18814936838053287 -0.21700121453763818 0.10060589067104272 0.6421342597154206 0.7283217147327168
1305031461.246864 0.5280157517196672 -0.1525133118750792 0.19975300041435196 -0.21769908135478847 0.10325286386495484 0.639872399073825 0.7297323269421974
1305031461.278888 0.5273952644703509 -0.1498846576931129 0.20215147370526967 -0.2111652888080233 0.10285587494287701 0.6372314257353556 0.7340068118537083
1305031461.31124 0.5276122153499494 -0.13972725622728946 0.20308197204157877 -0.2052429855830938 0.10237227229520728 0.6350404209719079 0.73764415436298
1305031461.346875 0.5252736847645274 -0.14433443813343588 0.20292649933846876 -0.20786067436342878 0.10370104773733904 0.6314197729078499 0.739830455666944
1305031461.37885 0.5282823640153114 -0.15093632266593923 0.2170731675703794 -0.21636836535750656 0.10359760752677231 0.6289375196838588 0.7395200217175766
1305031461.41113 0.5271713942951883 -0.14878614056981068 0.21775389346844792 -0.2126616605052522 0.10419923963934309 0.6275109275659132 0.7417193353250938
1305031461.447015 0.5192578683395946 -0.14507191810605224 0.2216164017735709 -0.213815071392192 0.10490388207028527 0.6272733027125619 0.7414893758350218
1305031461.478901 0.5325729283078702 -0.1413804421588981 0.2220799266316243 -0.2151334967496506 0.10046712379119657 0.6286148635293992 0.7405857742107306
1305031461.51212 0.5079299304631978 -0.13300761671035632 0.21495590993950323 -0.19871177014946642 0.10972193326339635 0.6254377993527408 0.7465268172716968
1305031461.547338 0.5091742695628825 -0.12004146588089767 0.2084221423306339 -0.19663811286507846 0.10811934046404892 0.6219791066000493 0.7501904103222623
1305031461.578847 0.5072161561938608 -0.10723968042795327 0.18547513243747007 -0.1888501732650451 0.10985933495559498 0.6169115315828244 0.7560996632594215
1305031461.609662 0.5031864542032349 -0.09424816020122241 0.17972420036826117 -0.1870480251825925 0.11453957533078928 0.616739340949979 0.7559935894456515
1305031461.64697 0.498898693108729 -0.09019569329995539 0.18042417322776425 -0.18956331236644086 0.12051437694060477 0.6135979268220327 0.7569938043042257
1305031461.676203 0.49836669848167353 -0.08498420490332406 0.17194244980817802 -0.19192998808218206 0.12124143806000336 0.6167590282618859 0.753705310071098
1305031461.711212 0.504499678535565 -0.07759895059236675 0.16592711340394747 -0.19505176012398248 0.11947429270280041 0.6219000206478044 0.7489466393368506
1305031461.746919 0.495408941360771 -0.0664862995497426 0.16400804023194956 -0.19498744684671165 0.12387943169696632 0.621529974446911 0.7485547894701226
1305031461.778616 0.4808892672649874 -0.061445270978003244 0.16703559568895268 -0.20016733136722858 0.1317700177401015 0.6190710832865005 0.747877460361371
1305031461.811319 0.48027681771079117 -0.05251608008288765 0.1677039906683765 -0.20572625777550935 0.13747102936242314 0.6207173575339764 0.7439679999863961
1305031461.84709 0.4590562071070752 -0.020352159296746143 0.14139015731178922 -0.19252200302266892 0.14039546291955757 0.6290668135876119 0.739931980918835
1305031461.879162 0.4587642770764467 0.00620164135947638 0.10781301755546208 -0.19042715216185954 0.13072659961863597 0.6382417436169984 0.7343674370343543
1305031461.911121 0.4298456408291572 -0.006044157209734356 0.11975939127541435 -0.19971011358086438 0.14504621438782994 0.6391492038848207 0.7283994518110773
1305031461.947264 0.4220027997726136 0.0034512783926519703 0.11641875108772279 -0.20646319039700797 0.15226904257145374 0.6389986306020473 0.7251674563672654
1305031461.979223 0.3809489708140713 -0.015204185053946115 0.07310503505315602 -0.2091812356369702 0.17020983534602704 0.6331258598257207 0.7255504587751361
1305031462.011791 0.34236935041860134 -0.029208926760677184 0.0572852926441588 -0.2122314724901443 0.18152120412116005 0.6325514077702857 0.722417172461244
1305031462.047463 0.34024622023341233 -0.03548390089033017 0.057978485560709066 -0.22393925100380263 0.1790804687632234 0.6385862688093321 0.714135123667486
1305031462.079285 0.3122670642586871 -0.027759725812327836 0.06494348520792893 -0.22087312192247208 0.18572058380395656 0.6448629097236266 0.7077250570853882
1305031462.112081 0.3044847238612175 -0.026324651114227476 0.06669877057150252 -0.22718255435946347 0.1870104933373621 0.6507122234230617 0.6999919747141686
1305031462.147634 0.3015673122707529 -0.026766849057424026 0.057777726811757385 -0.23292429374477494 0.1837034795521832 0.6544115250009981 0.6955176927510807
1305031462.179358 0.29461651513102355 -0.022348191255136735 0.05269742403105541 -0.23612908599577345 0.1820333928359707 0.6536238411916779 0.6956168290555238
1305031462.212836 0.285556731378302 -0.021422448166765477 0.04892637621704908 -0.24328053983139028 0.18268152463454054 0.6515430023531775 0.6949343534328654
1305031462.248986 0.2682305287293276 -0.019057651073823897 0.04431652530669768 -0.24534371790656564 0.18217309363564244 0.6473333734711848 0.6982685211502941
1305031462.280774 0.2485538419833687 -0.014233908897987447 0.04569321847735758 -0.24626536373816357 0.18286711221309399 0.6412344412672538 0.703371439018124
1305031462.311931 0.24081135068763743 -0.017914100075787052 0.04809988495739657 -0.2555478621574349 0.18182457164605456 0.6356953153030017 0.705355641782435
1305031462.347816 0.22891577926130718 -0.023520603727880427 0.04791644126447465 -0.26417666590114824 0.18146999400057248 0.6284660281145076 0.7087381617895006
1305031462.37995 0.21042309733091 -0.022947839327856778 0.047188077947622434 -0.26917648312530373 0.17797952970585867 0.6221047507637396 0.7133393210914144
1305031462.413016 0.1956669670845606 -0.023035617065049488 0.04839737975863187 -0.2760470283895747 0.17204834704763397 0.6150501626714614 0.7182692404615912
1305031462.448295 0.15687245655769483 -0.05480875555746374 0.060642455286390395 -0.28735898202720017 0.1870996649380456 0.6020248224476142 0.7210996075337172
1305031462.480843 0.14242351931613237 -0.08466970850796943 0.06728312861515837 -0.3061794443092412 0.18905023657599873 0.595623536892861 0.7181551073635012
1305031462.517041 0.12863485561271495 -0.10554972638741852 0.07476074978802745 -0.31788229712003796 0.1896652847218757 0.5897081288237601 0.7177898353614638
1305031462.548959 0.12281349117932377 -0.11398006295170887 0.0691686198836963 -0.3234496193336132 0.18001927741166907 0.5849802132426999 0.7216450329820381
1305031462.581088 0.12412704668753223 -0.11113058509022103 0.05342007013770651 -0.3226589966371124 0.16709064608716487 0.5817058820785196 0.7277294515371472
1305031462.617123 0.11613013702563686 -0.12236701874198291 0.05544858577468967 -0.32962411941968156 0.16981084934128682 0.5725138007681682 0.7312592996145598
1305031462.648708 0.1115187504514678 -0.1529994137070056 0.0662596404183214 -0.3448291330614728 0.18040098167081667 0.562756697267238 0.7292826986053823
1305031462.680788 0.10493642332714605 -0.15567438178969886 0.05581436824070254 -0.341292384305175 0.1772500190442105 0.5557654520673713 0.7370391451289858
1305031462.716812 0.10316490022551883 -0.16834545432698295 0.04694908188973773 -0.3426752179962679 0.16978568572654773 0.5512442130151978 0.7415364680923194
1305031462.748732 0.09826155345928757 -0.17747367926595917 0.04180593928050338 -0.3463083437519514 0.16479838573715488 0.5439622578353186 0.7463357723953143
1305031462.780885 0.09109826371004802 -0.16916792741808687 0.021033364490470014 -0.3397922142046385 0.15494937327955108 0.5382373463716443 0.7555345801861051
1305031462.816821 0.08062124014699945 -0.16460181757995507 -0.011676979730432881 -0.3317575896799148 0.1410304095101484 0.5306071231409722 0.7671397565993007
1305031462.848525 0.06331373299822476 -0.1604454690105292 -0.033037921176568646 -0.32927123865577135 0.14081684112297915 0.5231597664494653 0.7733401110887632
1305031462.880471 0.05524967624581007 -0.17359912374124783 -0.04247796080448677 -0.3348512354563673 0.14946275463727995 0.5188175476764758 0.772246001810659
1305031462.9168 0.05892524766364894 -0.17310084998363354 -0.05394710448463667 -0.337745621506803 0.1488499392956599 0.5178158624615893 0.7717760836588693
1305031462.947939 0.06144540345638565 -0.17345357550746943 -0.06400941876746483 -0.33879275086263183 0.1480590410169061 0.5175241496763954 0.7716649187554198
1305031462.979943 0.061833963073248184 -0.1807372258578729 -0.0728263895520777 -0.33737299910037477 0.15328227958965215 0.5152170914829831 0.772810035445732
1305031463.016121 0.05916530803580502 -0.18886620690340114 -0.08971240579019973 -0.33264742946680453 0.15442914379557005 0.5087145844334723 0.7789138583953773
1305031463.050783 0.052910173813414445 -0.18552275202713817 -0.11543976176241731 -0.3193923965548999 0.1488214448762259 0.5031720628902057 0.7890871622924079
1305031463.07687 0.04487947132705758 -0.17889432188950924 -0.1338181095672793 -0.31400311577773754 0.1460689089437895 0.492701053395292 0.7983179749354347
1305031463.116806 0.04706990066581819 -0.1775968259293718 -0.15272535251426822 -0.30882229007670425 0.14351434581566547 0.48538189931452635 0.8052557590695669
1305031463.148565 0.048908884144794336 -0.18549730458690886 -0.16668154706791882 -0.30777786798417817 0.1442020241512301 0.4781270606552849 0.8098599101566515
1305031463.180505 0.06230306385439622 -0.17696431657920902 -0.19551163961996124 -0.30244541177785256 0.13189748701534257 0.4783825132569396 0.8138058717062299
1305031463.217123 0.06936135380971803 -0.18316068627412896 -0.20127901200829038 -0.3087836115275656 0.13291280417550627 0.4759811381659974 0.8126677204420013
1305031463.248719 0.06987511649931476 -0.17455699132810687 -0.21862865757462555 -0.2998971873715385 0.13442432004855162 0.47050557035015667 0.8189116481376967
1305031463.278737 0.09341761235242355 -0.1997982192180803 -0.23905173442154126 -0.3120817846838059 0.12587233225793715 0.467471457601124 0.8174543118540623
1305031463.31711 0.09973059364308484 -0.18988800745626347 -0.24789058038611125 -0.310011083504588 0.120926194637187 0.46561593461079315 0.8200437701680308
1305031463.34874 0.10631594983974543 -0.20023660240129665 -0.2537532701188568 -0.3120325667344982 0.12165641333182893 0.46043065419305634 0.8220942811330524
1305031463.380514 0.16647689810528238 -0.22904440399121662 -0.28380432709442127 -0.32659429714511395 0.09494305237371606 0.4707341132291931 0.8140831508639497
1305031463.416326 0.17479223808994646 -0.21870996439211704 -0.2930193955494402 -0.3256221061048054 0.09049598550784951 0.4684789572357156 0.8162770284959454
1305031463.444773 0.17713816876170008 -0.203932388238906 -0.30701003593820125 -0.3205251754496017 0.09047647911686872 0.4657676530004176 0.8198402966725284
1305031463.480415 0.18729860818668148 -0.2012819500257345 -0.3185375251031394 -0.3240562545672616 0.09216993019538113 0.4637814526670905 0.819389414140566
1305031463.516994 0.19462826702901073 -0.20895849029670172 -0.33441065609119314 -0.32914565850525845 0.100175267308493 0.45696029639926194 0.8202532162823322
1305031463.548505 0.19463393917796415 -0.20270149879384874 -0.34601294221593093 -0.3246105899395181 0.1077875717982485 0.4547622626578813 0.8223144707028082
1305031463.580684 0.20468446543318067 -0.19388085926715978 -0.3569503333907062 -0.323339222461588 0.10522283145006511 0.45621835186591786 0.8223409988443434
1305031463.616671 0.22260648391272664 -0.198555435980137 -0.3825461147207842 -0.3231139861063926 0.10182142051077762 0.45403512586627026 0.8240642297704747
1305031463.646147 0.22663889510903298 -0.18380747769541825 -0.3973494946026802 -0.30937598684630657 0.10662970158936813 0.44944157758274605 0.8312152993309067
1305031463.683908 0.22882837778187495 -0.16915185677580666 -0.416439870522847 -0.2982649141863277 0.10705742462724391 0.4449805966058321 0.8375971689552933
1305031463.71611 0.23632455493514248 -0.14848783568406276 -0.4379070011419065 -0.28873096466334713 0.10521875975508836 0.43896795095973073 0.8443166353154422
1305031463.747849 0.24299086962631525 -0.13524745005751504 -0.4600997877080219 -0.2734830266753674 0.11084811727696044 0.43279520643434805 0.8518262958514978
1305031463.783912 0.24977981053555112 -0.12763504301372702 -0.47475957445274025 -0.26356086766197595 0.11416688124778859 0.42268005325771185 0.8595598669327679
1305031463.815883 0.2657448510972246 -0.11751048410222531 -0.48848731336670176 -0.25841319058206763 0.11146860309174807 0.41194198112035507 0.8666609358039669
1305031463.848094 0.2815331408117138 -0.1192056322123621 -0.5029695371832225 -0.2542520318098049 0.11230717571252187 0.40318644348526655 0.8718851383030707
1305031463.883817 0.2696913991312743 -0.10817141771990134 -0.5170297065125333 -0.240335244753335 0.12337079478497864 0.389587202641797 0.8804773867971946
1305031463.917433 0.2728065563695005 -0.10686208208505771 -0.5307373607312451 -0.23518027097227573 0.12553981203627884 0.38294502771514016 0.8844676938631243
1305031463.944435 0.2926342029586391 -0.11150224435406353 -0.5421193933219406 -0.23296933024508032 0.11994759195190245 0.3787403762050487 0.8876337047353242
1305031463.983748 0.3122345854655971 -0.1132618104162882 -0.5584271202399664 -0.22642785674393245 0.11470849680515913 0.37534772513067 0.8914518897227606
1305031464.015867 0.32505771170589637 -0.11107779905145414 -0.5787498447691405 -0.22059090602885179 0.11057612033933892 0.3700997612956879 0.8956219852577008
1305031464.047778 0.3440752436394944 -0.12049650285296293 -0.5895557073011842 -0.2206970235711453 0.10834551236093926 0.36266192120455576 0.8989051143732043
1305031464.083152 0.3534321537900765 -0.10659163705227166 -0.6140232846515133 -0.206220006475868 0.10788579049384342 0.35649695890604344 0.9048446736481097
1305031464.115837 0.35390507061453247 -0.11514293969387847 -0.628531038630468 -0.20191802056075123 0.11052615746710522 0.3511986481938143 0.9075640974582578
1305031464.147663 0.3638840913519771 -0.1258246931157753 -0.6390298326828988 -0.19653358989214342 0.10853671368455868 0.35158602830123287 0.9088352956009288
1305031464.183566 0.3672049152379225 -0.13603999610405812 -0.6515283349865775 -0.18492577962123374 0.1065541869744859 0.3498416635399746 0.9121729395905517
1305031464.212447 0.36763400173711464 -0.144805839872167 -0.6684967108539606 -0.17272572563130575 0.1011589205050918 0.34815672662894936 0.9158163517924314
1305031464.247602 0.36336424151819513 -0.1429973040565034 -0.6861565305053209 -0.15941737051399998 0.09166598413157735 0.35187766412664423 0.917804749835371
1305031464.283694 0.37441726339256837 -0.14246729839204636 -0.700778437650376 -0.15230601528711715 0.07459755271309473 0.35163369350762036 0.920647504980471
1305031464.315699 0.37920443468818976 -0.13469778627609774 -0.7115924312554054 -0.14416419131693242 0.06306561573641149 0.34696294560469015 0.924584300337746
1305031464.347553 0.38144363073524856 -0.1259945440364722 -0.7170313742746823 -0.13354517297364013 0.05756715904015942 0.3417752545423277 0.928461837857654
1305031464.383465 0.3960491013045588 -0.11120817314450607 -0.7313477994332159 -0.1232654335182732 0.050475801688530754 0.3351176728147514 0.9327132312295551
1305031464.415539 0.4082620526810346 -0.09583349065036136 -0.7433448466294703 -0.11614340187625624 0.04715520890271813 0.32574897962408683 0.9371097581115126
1305031464.444269 0.41564509778022873 -0.06049172802722544 -0.7475523164439293 -0.10045949602861204 0.042050096818835016 0.31636828408883855 0.9423644665615781
1305031464.487561 0.4309625476236083 -0.026023793487010678 -0.7547496124824142 -0.08736694058168325 0.03523577183973106 0.31117079298485556 0.9456734085663143
1305031464.513688 0.4217601905598635 -0.02656572287324556 -0.7705519794903031 -0.0837377880322943 0.041860470731766845 0.30185935841370043 0.9487447557608119
1305031464.548007 0.43955517919384846 -0.004659886034044301 -0.7823105827935537 -0.07904909723935466 0.03510222568211586 0.29193257296774877 0.9525200506121826
1305031464.58426 0.4481895778241488 -0.003883174240243148 -0.8032097050528504 -0.0732186279572383 0.04066080553773948 0.27749650732878456 0.9570691823653122
1305031464.615688 0.4663148460959352 0.005324318669480074 -0.8206121845985364 -0.0621904608235669 0.05229830798941673 0.2685065478604835 0.9598445016355734
1305031464.648851 0.46094956486546407 0.019669137735684405 -0.8500804459286735 -0.04894466559090693 0.0677186409047532 0.2539648380464733 0.9635976683347859
1305031464.684318 0.47933170486099935 0.022210942617098134 -0.8824991360834737 -0.035929383643781336 0.0764652554741289 0.242351578243057 0.9665029004712576
1305031464.716305 0.5033792556183517 0.11143507574121073 -0.877988252866793 0.00606618906526295 0.07304648221748972 0.22671841582522465 0.9711983179101862
1305031464.748588 0.522903810226638 0.14815460626419086 -0.8907235138807401 0.029003742243559623 0.06772835424560031 0.2105322823007851 0.97480655059159
1305031464.784268 0.5209359632686881 0.16003304740494861 -0.8850058880362205 0.04297082571972192 0.06409068083883494 0.19444328367950992 0.9778740727713918
1305031464.816195 0.48915920918445954 0.16391521741220338 -0.9115224489652937 0.05899730464996135 0.06317248423081331 0.184400301676836 0.9790429428894523
1305031464.848283 0.37389640648998335 0.18633491606355457 -0.9294514087107909 0.07791840742378062 0.07935542351981738 0.15659669272506854 0.981381125949599
1305031464.884177 0.3740410907256288 0.213390888894207 -0.9215738242632909 0.08650997927669528 0.06479620677961045 0.1365960742731884 0.9847126421274753
1305031464.916391 0.3890817470956988 0.2137894230078561 -0.9253478057104161 0.08725811452799721 0.052765481362792764 0.11427919893666819 0.9882014420734091
1305031464.952471 0.3897942177034473 0.21524332639374713 -0.9165016739596769 0.09424173716940125 0.05133322797062611 0.0916252445111277 0.989994045057689
1305031464.984257 0.415015773024919 0.2331004614111408 -0.9187809741149853 0.10385037638814706 0.047419620045658244 0.07373217939780323 0.9907219815266116
1305031465.01539 0.42735786155338473 0.2533800615727818 -0.8984761425556516 0.11271964727131466 0.0469084957214107 0.051992707461899115 0.9911562099482434
1305031465.04843 0.4251926459053818 0.29599255001740066 -0.8707524674585077 0.1303657882460803 0.04314632150624023 0.03317065616329132 0.989971142895163
1305031465.083338 0.40186231250496063 0.40138400228398774 -0.8865614610273145 0.14781056185023192 0.037458871761402536 0.009977397180886407 0.9882556968099787
1305031465.115475 0.429682806078996 0.43370194187958205 -0.8989389167807453 0.137992264647811 0.01829655934547569 -0.0015016819386602172 0.9902631548052473
1305031465.151558 0.4444876278671509 0.4519052485554704 -0.914734527957342 0.12551584571573385 0.004042446353701036 -0.0076249793071492345 0.9920540765463882
1305031465.183558 0.465324727765697 0.460150888933807 -0.9117761856591736 0.11528764726580423 -0.00985960047421513 -0.015635893078610703 0.9931601409209083
1305031465.215832 0.4740737340787926 0.4763005702107882 -0.8931929214735294 0.10666862670763098 -0.019680013151741484 -0.02348362141334741 0.993822429151189
1305031465.251788 0.4830339757858368 0.5083940053841941 -0.8695727161475638 0.10438283280939872 -0.029945331223168677 -0.024458382180585932 0.9937853334064295
1305031465.283737 0.4756127083290099 0.5308933071508819 -0.8451313826101692 0.10382181659650752 -0.035657429783484844 -0.01931579062450088 0.9937688253977317
1305031465.315985 0.485622489930704 0.5545421278008843 -0.8221681182173042 0.10197351659823252 -0.04983495855939873 -0.008458283898528545 0.9935020564908081
1305031465.351729 0.4785436878193232 0.5725878811427674 -0.8044898512343779 0.10242916588525944 -0.06003161259160627 -0.0037591431243161983 0.9929201077169665
1305031465.383701 0.4922257038635319 0.5953850656875865 -0.7907846577190466 0.10960272578176238 -0.07685708111267743 0.003308927260708513 0.9909940880673459
1305031465.416543 0.5126827807826819 0.6097821346633224 -0.7845681780044786 0.1129378550951231 -0.09081139563456586 0.013049147694404297 0.9893573929848936
1305031465.452401 0.5220317114035313 0.6314937980950982 -0.7798342101747351 0.11806683036418365 -0.09932398919673262 0.024754497058060845 0.9877156390445607
1305031465.483803 0.5052033711452796 0.674253424003448 -0.7547326690749151 0.12815559585303396 -0.09864776067223639 0.03099990460043471 0.9863487053170755
1305031465.516043 0.5135059713867608 0.6907650969126379 -0.7450976613737308 0.13035786839697763 -0.10495368582863418 0.033555829508121006 0.9853251018237598
1305031465.551838 0.5324051925021396 0.7069406974402715 -0.7399897370471982 0.13775067036758237 -0.11368804193696955 0.03839508776361379 0.9831711952500662
1305031465.58357 0.5987087501610928 0.7515590572989136 -0.7315126005826683 0.15154044847071074 -0.13708892385430596 0.054039338839029755 0.9774056830669672
1305031465.615685 0.6060970733476505 0.7719107501760409 -0.7285703334440461 0.15669508467626034 -0.1390877843962466 0.06303053714875222 0.9757706646834504
1305031465.651645 0.6024236583280513 0.7928507032469383 -0.7226737335127212 0.16381564213820066 -0.14185175717133264 0.06948778382006665 0.9737627854246793
1305031465.684759 0.6331119612983735 0.8173294337640737 -0.7140230784542395 0.17138057706820894 -0.15332255515742382 0.07641345955966053 0.9701968228570379
1305031465.716279 0.6586605353370759 0.8621858928401225 -0.692200262352752 0.18841503607554808 -0.16248277320097476 0.08786700495104233 0.964561305482707
1305031465.753153 0.6759842211059397 0.8965451814648769 -0.6838549263680966 0.19973431511132694 -0.1681065101142237 0.09827830275643272 0.9603060865325912
1305031465.784387 0.6879911235178024 0.9366594512411686 -0.6650883272520411 0.21324640127749184 -0.1707704957762707 0.10334594398981985 0.9563906241569804
1305031465.816591 0.6889016964064888 0.9769129718743361 -0.6591464668376676 0.23091073723240504 -0.16765523468381743 0.10745933893261649 0.9523783093865936
1305031465.85286 0.734178586206415 1.0166717514999124 -0.6547885482971558 0.2422727227152318 -0.1789697499304812 0.11480664300612027 0.9466219895817097
1305031465.88437 0.7438215586425168 1.0609452455838335 -0.638411988691812 0.25367431559120346 -0.17173271072860216 0.11336101293122344 0.9451489292288003
1305031465.912828 0.7832546670971268 1.0847526346243814 -0.6182263817508706 0.2592515904633148 -0.17507313181560338 0.12154008465020719 0.9420010717519054
1305031465.95284 0.8159465086637276 1.1096079029617134 -0.6117842610292621 0.26769504433744046 -0.17234938787100879 0.12536189798489075 0.9396379336059663
1305031465.984183 0.8119137963029835 1.146261522485486 -0.6039214232918783 0.28135104221102025 -0.1589109396245794 0.11970806831454062 0.9387538988972601
1305031466.016599 0.8165217301562934 1.182036380875806 -0.6137626778157893 0.28866572100976373 -0.1519540426927766 0.11659729429861025 0.9380762982750808
1305031466.052655 0.8347121463332415 1.2143080722059225 -0.6116180751057452 0.2882377606781699 -0.1513387343847479 0.11812493484061598 0.9381162404323661
1305031466.083913 0.8426915441791387 1.2359784155605265 -0.6159021849402039 0.2831503819849052 -0.153160152120498 0.11789770142372802 0.9393976586000359
1305031466.1164 0.844649479401775 1.2648261611358858 -0.6121654169538482 0.2828095843114839 -0.15413970185555653 0.11392232819592407 0.9398305136948183
1305031466.15254 0.8441963575078951 1.2955697940353166 -0.6247793633912211 0.28010444103221593 -0.15461435139113328 0.11319243983005278 0.9406505068426045
1305031466.184186 0.8489644497345534 1.3294988442141902 -0.621014408690767 0.27821144115600194 -0.1629391329363434 0.11499608258136947 0.9395877468117557
1305031466.220477 0.8613226324285963 1.3645685497188214 -0.6287739396247665 0.2746034383548115 -0.169131160885783 0.10444049385260781 0.9407867905667926
1305031466.252491 0.8882583889407609 1.384205706447047 -0.6360942707452453 0.2728821172597476 -0.17262302205380722 0.09533890404250872 0.9416194219071851
1305031466.284389 0.9099445455563538 1.405764045184234 -0.643993489400203 0.27589441291873185 -0.1681929036947546 0.0873061247178377 0.9423221639406072
1305031466.320055 0.9330881730322617 1.425225136496081 -0.6510400201108059 0.27607620003899724 -0.1587436823606465 0.0796792321735173 0.9445811744063336
1305031466.352082 0.9434468660429126 1.455939604223643 -0.6271201209541157 0.28179477828503297 -0.152053048994355 0.07600922183340675 0.9442955953614786
1305031466.384479 0.9519743771975078 1.4639641180347371 -0.6575141678495746 0.2778287823619041 -0.14341215191256865 0.0727258689731034 0.9470771195405446
1305031466.420844 0.9504436757519821 1.5172027027878665 -0.6131695087543848 0.3065283414960761 -0.14487318637053662 0.07165120339996599 0.938039573142759
1305031466.452369 0.9626295583254277 1.5385428578062346 -0.6171370661211358 0.30837486282889504 -0.14728191823713047 0.06562345567245827 0.9375001560539903
1305031466.483315 0.9815328004027387 1.5543466146350073 -0.6178728246435188 0.3058268754996091 -0.15123137894427172 0.062091205053796054 0.9379465200637658
1305031466.519548 1.0099733672981335 1.5772966735082783 -0.5636754861247638 0.31776903661635847 -0.1593181258936632 0.06096266452213206 0.932697232580865
1305031466.552219 1.0227033069005815 1.599675958028642 -0.553824334084034 0.32043440675219426 -0.15494699145148494 0.05995774804954653 0.9325868802735378
1305031466.584438 1.0380841149991156 1.620526126667745 -0.5609300691598176 0.3131886448949208 -0.1526242605840256 0.05644300660965611 0.93564571008204
1305031466.620424 1.0665708823654603 1.6407248147201654 -0.542413809290937 0.3148562465013959 -0.1565702312157738 0.05426457477337328 0.9345622839922207
1305031466.648654 1.0858114691207785 1.6523421031441967 -0.5448857250437326 0.3206290141736498 -0.15171799446053508 0.05120489999735895 0.9335720345228681
1305031466.684412 1.0925484193635981 1.6732676034590708 -0.5385743635586272 0.32500276187681304 -0.14829363397646927 0.044243796251811615 0.9329655349409884
1305031466.719744 1.1005477274201572 1.681908270334409 -0.5365647093157289 0.3208008133579707 -0.14450699668880107 0.033429352425508735 0.9354608727537771
1305031466.748734 1.1257793373761467 1.6830383528052888 -0.5409396791834219 0.3211662098873629 -0.143985746214334 0.025138820539690097 0.9356753765145052
1305031466.7843 1.1338180904455257 1.7048405085574752 -0.5448650903429962 0.33012850047604014 -0.13901777791774989 0.020724885010751072 0.9334129363457224
1305031466.819502 1.148491915148783 1.7179907946571442 -0.5346817652898753 0.3313547808275246 -0.14269577565802238 0.015394499424000797 0.9325261037738208
1305031466.851527 1.1605541223848999 1.718596596567369 -0.5424247095135682 0.32725141260186724 -0.1468402500124997 0.013945400690608201 0.933354155573289
1305031466.88343 1.1505806418497426 1.7483640753280605 -0.5518488600064023 0.3382332977720634 -0.1438310411845525 0.009553437387734632 0.929956773029844
1305031466.919411 1.142743548797722 1.775798159713422 -0.5545931341237014 0.34668787671937523 -0.14576619840255992 0.003416188038492352 0.9265786859184504
1305031466.952451 1.162059310867025 1.784329752092912 -0.557560748742505 0.3486264918378952 -0.1548092866892394 -0.001890731376622105 0.924386325666078
1305031466.984027 1.1821497476687697 1.7901056860582092 -0.5539178167216073 0.35040600592508997 -0.16028342977346527 -0.0064744634870336675 0.9227583293984594
1305031467.020424 1.1951521943982022 1.7961498661316175 -0.552339736551008 0.3519245339331863 -0.16247427341762846 -0.011619509429759228 0.9217462882452714
1305031467.052391 1.2152891523747096 1.8049756268230384 -0.5540355114490578 0.35255459888761553 -0.1647128201577108 -0.015333814664565524 0.921053644369707
1305031467.08413 1.2269947786114304 1.815237573023616 -0.5587138762685528 0.3513113061034046 -0.16216424433568813 -0.021491035640147076 0.9218575049594536
1305031467.120528 1.2328644185177737 1.8289019920143064 -0.5695253562825675 0.3540521420994648 -0.15551163280625147 -0.033995616002139954 0.9215788142255382
1305031467.152363 1.2462281255525705 1.833883437013691 -0.566336927250404 0.35730774193602544 -0.15576940639697812 -0.04297682624392301 0.9199022024048598
1305031467.184216 1.2608981584325032 1.839076310203891 -0.5666504330490781 0.35887237509500264 -0.15928608455875512 -0.048893796288400404 0.9183942281744378
1305031467.220466 1.277189305955232 1.8421893601298245 -0.5631835211449959 0.36057926843417343 -0.16571066645935686 -0.05692602334978682 0.9161233508991306
1305031467.252275 1.2943807802540366 1.8460805744516113 -0.5622996934246841 0.3625353568209334 -0.17110360344501552 -0.06269825477429142 0.9139806348009281
1305031467.284258 1.3091030015064273 1.8550689614656013 -0.550658636479982 0.36881806313611576 -0.17561530394181823 -0.07008235389241046 0.9100664618580591
1305031467.318028 1.3224101543637594 1.8631798015847503 -0.548571686467145 0.371639294778368 -0.1794692052383831 -0.07658641784553738 0.9076395537598223
1305031467.349355 1.3395407624015956 1.8742117641516012 -0.5440580617891692 0.3715738356972943 -0.1861522991008549 -0.08092360875507328 0.9059423688683083
1305031467.383844 1.3554178007633695 1.8766812697283823 -0.5450326352822615 0.36580319093406743 -0.19300398556477102 -0.08806452872187152 0.9061909985425602
1305031467.42016 1.3697524363100353 1.8860703024289212 -0.5568408849290375 0.36348520166029363 -0.19511570094322336 -0.09362438973971668 0.9061141457152492
1305031467.452057 1.3833011445835404 1.894479371483503 -0.5581009146909736 0.36453205743079536 -0.20014062278765035 -0.09708016269258163 0.9042320234469827
1305031467.520535 1.4214650484939308 1.9032222853333536 -0.5591678800561922 0.3558269890792227 -0.20999110032689475 -0.11333578851027407 0.9035739541781121
1305031467.552164 1.4378270247582121 1.9028675060926228 -0.561077205713147 0.35506220940534544 -0.21070300522218813 -0.1168267045479045 0.9032644087680028
1305031467.584354 1.452665205259216 1.910500478727114 -0.5686261124050621 0.3543789852457423 -0.21124630543585746 -0.11604574423261735 0.903506457365633
1305031467.61868 1.4640958957811079 1.904757031086739 -0.5687379285916428 0.35410456901393045 -0.21649371746300594 -0.11498196820298032 0.9025073802970675
1305031467.651977 1.4771992558838347 1.9051499620944468 -0.572957672030695 0.3594320784022286 -0.22203016957276667 -0.1119643102282923 0.8994304742724951
1305031467.686044 1.4924111519309478 1.9098881990515173 -0.5652726288954195 0.36511942152371524 -0.22620889247819448 -0.11414939787482772 0.8958165325304007
1305031467.718326 1.5062925663278037 1.897902298850509 -0.5654229612963585 0.3671460743990849 -0.22739874065383436 -0.11980222050861479 0.893946866857084
1305031467.75258 1.515561721942983 1.8910431308118418 -0.5626658140603262 0.3730220441460654 -0.22828401931984946 -0.12187386662329494 0.8910037720114055
1305031467.788562 1.5261945708244982 1.8870806521969286 -0.5512701616557163 0.37912284479207387 -0.23086245593024524 -0.12501469098980206 0.8873216564670025
1305031467.820454 1.53464019709964 1.8725518027758612 -0.5428336767096904 0.3835933607400302 -0.23404648875609255 -0.12609463927284498 0.8844085688434754
1305031467.852678 1.5450591217952778 1.8700865649259697 -0.5262631339155831 0.395487790222579 -0.2396074886928855 -0.12498661155376177 0.8778131954348027
1305031467.888472 1.5483365394177764 1.878884049321483 -0.5246764397163647 0.4039811235328786 -0.24186565873359236 -0.12540690927458073 0.8732544658120425
1305031467.9208 1.5600716680519333 1.8618238843577444 -0.5153145467360891 0.40659881381409435 -0.2497463998825058 -0.13098211932657927 0.8689924192807533
1305031467.952485 1.5694768045354552 1.8448051035344795 -0.5088915850837905 0.41234982034628986 -0.2545936147937071 -0.13358134871301872 0.8644684726713097
1305031467.988523 1.550311996579338 1.8677295530284217 -0.46702573988525187 0.43210602362238554 -0.24826619777664172 -0.1349745995843998 0.8564053577937324
1305031468.020491 1.5599062914467459 1.846773215607546 -0.45569885074476835 0.4301126689284031 -0.2506073356037842 -0.1375138743024863 0.8563229471076774
1305031468.052668 1.544873161366053 1.8572829756765332 -0.4441135864263803 0.444781840271021 -0.24154267038087845 -0.14043697148750503 0.8509428359119171
1305031468.088379 1.5512596445748623 1.8514632128422421 -0.42672183032471134 0.4517655619020941 -0.2433840567872513 -0.14347834383224292 0.846218673176279
1305031468.120522 1.555103192331885 1.8332068687375125 -0.42158391765202796 0.4504330014061163 -0.24477844222771675 -0.14545780299933891 0.8461888991303629
1305031468.152356 1.5627509637673946 1.8148496429536582 -0.40670654616556 0.45396853907100904 -0.2479808685551928 -0.14765662056022338 0.8429801757865247
1305031468.188327 1.5698742025522008 1.7943832432691469 -0.39625060287688224 0.45438425711332175 -0.24875596649637083 -0.15162746746647032 0.8418221469703299
1305031468.220648 1.5825067574734144 1.7720958863814216 -0.39831362938118753 0.4515370324144724 -0.2492735578888398 -0.15282328114597318 0.84298401315538
1305031468.252517 1.5922025473368535 1.7531461650439735 -0.39759985512170704 0.45079137909461053 -0.24884169096245182 -0.15095389306415588 0.84384706407127
1305031468.288361 1.5998046003087254 1.7364743609498574 -0.4015704972534883 0.44991781193201524 -0.24526334380284365 -0.15173782119786022 0.8452191954227507
1305031468.320522 1.6071730155096073 1.707709048085014 -0.4019692202823969 0.4496705586563134 -0.24545475341986106 -0.14985597396911393 0.8456308531310115
1305031468.352594 1.5854442737048426 1.724176025259269 -0.3784068970374935 0.46668380029401463 -0.23458996694483453 -0.14253270343315066 0.8407485988117943
1305031468.3847 1.5562521204983313 1.747941505265819 -0.35366576043290604 0.4822864510097672 -0.2201397258679003 -0.14120995016492294 0.8360610206448026
1305031468.420595 1.5573933664046646 1.729009987192769 -0.35755236257018874 0.47871162500934217 -0.21972371826082368 -0.14137726539322243 0.8381939731019828
1305031468.452605 1.554235751165678 1.7222229646670058 -0.34059695895495595 0.4856652559355083 -0.2198164227601064 -0.13915391170598168 0.8345335153958594
1305031468.488646 1.539815040536322 1.7279564323334446 -0.3287631030861795 0.4917296138133406 -0.21328669247197968 -0.13460454118928578 0.8334220966620502
1305031468.520786 1.5388251630781162 1.7118221912215357 -0.341072101624601 0.4910679487559267 -0.20835206898607478 -0.1383689884874094 0.8344433522288015
1305031468.552701 1.5437812436093616 1.6988071685144575 -0.3579632072076114 0.49529341979961666 -0.20390859041443626 -0.14552648955397243 0.8318219496361561
1305031468.588614 1.548167124050348 1.6987515733993066 -0.36736643053054246 0.4991914619415194 -0.20071341521408537 -0.1512706066297692 0.8292401418453212
1305031468.62059 1.5471599674557894 1.6847699713168303 -0.3755581411607091 0.49413815514771636 -0.2013538859244261 -0.15344566121127387 0.8317081972096821
1305031468.656644 1.53216626748538 1.6817359424704121 -0.39282383935453574 0.493901102434842 -0.1990256938673308 -0.15323688768512814 0.8324475541719434
1305031468.688643 1.4860012729583225 1.7006994968959013 -0.3270196195032754 0.5236204043494602 -0.19507164205044844 -0.15338697167263746 0.8150099162205005
1305031468.72056 1.4724274373052635 1.7030401621652886 -0.32817827044665204 0.5317135644895774 -0.19469574045607577 -0.15440114648945194 0.8096508753461525
1305031468.756725 1.4701179461183675 1.6904251212397674 -0.3302852847272486 0.5335379846691006 -0.19946587488227455 -0.1556595822808501 0.8070444090115703
1305031468.788562 1.46427283325779 1.6776848141626861 -0.32747476004341775 0.5388149691831214 -0.20101864863494442 -0.1567601709120965 0.8029297482973107
1305031468.817997 1.4612666566739319 1.6753244924718145 -0.3090723974572068 0.5533298738971898 -0.19989609716373308 -0.16082187020126948 0.7924669879916725
1305031468.854887 1.4573308022125993 1.673329975311218 -0.29500219691139723 0.5593590049149083 -0.1986487958627159 -0.16262298446709703 0.7881687157239311
1305031468.88922 1.435921691303324 1.6672924068512367 -0.2922307485834862 0.5605695890815093 -0.1891418379634796 -0.16047159109101475 0.7900860518839089
1305031468.920539 1.4367397836285107 1.6592933412319806 -0.29563492140287284 0.5580766755589586 -0.18648885225075967 -0.1556918612107863 0.7934307635427155
1305031468.956482 1.4271396934176768 1.660887186763778 -0.2820885674296116 0.5559533810116318 -0.18437557698607704 -0.1464249099958004 0.7971707662010119
1305031468.986011 1.4436130063030366 1.6857811068788857 -0.25408785879220924 0.5538056619845562 -0.18427866155434236 -0.14797078436584987 0.798401722583151
1305031469.020731 1.4386303676126313 1.6690665108958103 -0.25563456868298406 0.5373415824780795 -0.1818105447483666 -0.15368439310613402 0.8090673994630205
1305031469.056318 1.425877860056182 1.668704526478428 -0.2482708140156941 0.5302282634777835 -0.17762603543473685 -0.15682200086329254 0.8140723801912858
1305031469.088069 1.4315390716955338 1.6629022443887411 -0.24400887963340834 0.5225173932579474 -0.1741838276770472 -0.16773909239123738 0.8176179821912285
1305031469.119984 1.4169989100230926 1.6530676617850184 -0.22231892231153028 0.5177036428480937 -0.16415501119130216 -0.17178457148127657 0.8219039673122348
1305031469.155046 1.4203900643816945 1.6372283986847755 -0.2203584441052806 0.5084195904478973 -0.15674732222239668 -0.17569756649272245 0.8282935241527825
1305031469.184648 1.4054221020516329 1.6352475136904165 -0.19315552566464234 0.5092244736363268 -0.14690087125715812 -0.17077408438490385 0.8306303519473578
1305031469.219541 1.3987672149689951 1.6277138945918264 -0.19408721313723964 0.5046420277323523 -0.14013851278476447 -0.16969001267451508 0.8348071158532233
1305031469.256002 1.3958105849904905 1.6160525506284433 -0.18821126546558725 0.5005079349512492 -0.13684132798145732 -0.17264056019373372 0.8372344325116478
1305031469.288263 1.3761052364550659 1.616280207327039 -0.17315920169128748 0.5018213257685525 -0.12633265171399105 -0.16996486867166324 0.8386461479862816
1305031469.319772 1.3784636683650382 1.610025648795437 -0.17092167020081922 0.4963395362690749 -0.12476013042138362 -0.16957131484850846 0.8422158534330655
1305031469.356116 1.3873958011314929 1.6011864338790966 -0.16248827497867166 0.49032737327539816 -0.1220878989044856 -0.17429460213670475 0.845159750357259
1305031469.388556 1.3913336019896174 1.5985107760046031 -0.16311879206676755 0.487462584897519 -0.10924277437663957 -0.1747865552814077 0.8484667964419015
1305031469.420278 1.3971112304346278 1.591997917985102 -0.14173943841825073 0.49004067094586307 -0.10224772828896163 -0.17162700216881263 0.8484985061891515
1305031469.456563 1.3929503355436974 1.5816967302779077 -0.1357026827617926 0.48729055524180703 -0.09067519597134209 -0.17425797734959936 0.8508584376602941
1305031469.48852 1.392427303863923 1.5784408055649468 -0.12881333713213863 0.4858374510748263 -0.0848977017112795 -0.17451972450452585 0.8522307299881429
1305031469.520417 1.391724598469063 1.5737997387074398 -0.11584453866177052 0.48391866258769783 -0.0859261714383885 -0.17558906050222453 0.8529993569125481
1305031469.556139 1.3847473468716658 1.5717106288320613 -0.10217505819753846 0.48022003695511 -0.08501236498624924 -0.17716113586813015 0.8548541079296463
1305031469.5885 1.3847203216204358 1.5705232483033604 -0.09384188871757776 0.4728258523939069 -0.08611597324272051 -0.1780479923378899 0.8586726179894647
1305031469.620563 1.39153489693334 1.5606365854222382 -0.07774712170887642 0.46460302633498674 -0.09072643878158826 -0.18058379211123604 0.8621497754178842
1305031469.656279 1.39967538420923 1.5501444100904036 -0.056152043004724775 0.46153201968240126 -0.09563184098739425 -0.1824626465053568 0.8628731821232519
1305031469.687925 1.398350911738834 1.5492458871460946 -0.04346359317952297 0.45791996664193196 -0.09387710420150627 -0.18081298812534768 0.8653340723573608
1305031469.718943 1.4020660591497849 1.5359372492769603 -0.04355602407311803 0.4467706958005492 -0.09332795291478192 -0.18476017940964765 0.8703732042538673
1305031469.756754 1.392028667878512 1.5387649791683755 -0.036134368841017186 0.4403248492318885 -0.0878975518597036 -0.18115974471035734 0.8749681105174426
1305031469.784733 1.37294390990139 1.541479904884502 -0.02095025404771564 0.43542981138083453 -0.08402590187184353 -0.17469258426864612 0.8791035366650599
1305031469.820544 1.3468280146368852 1.5484233587291152 -0.0531600659841257 0.4165710387888901 -0.06713332479829136 -0.17593958745124993 0.8893857137998991
1305031469.854359 1.3213512748471037 1.563286233910858 -0.040502763431733924 0.4137574413432559 -0.061639340826578196 -0.16815318077024163 0.892597265956152
1305031469.885343 1.3091852652900744 1.558360550706611 -0.026991384918565203 0.4083602623627943 -0.06381604364523186 -0.16880372014135414 0.8948042874075308
1305031469.921773 1.2968635266000155 1.5739280885666127 -0.013585845765404466 0.41013149334825544 -0.06440613699472177 -0.1633235517016184 0.8949689520541569
1305031469.95318 1.262880290879144 1.5712054395880857 -0.01567239692751416 0.40175968776792126 -0.05553852017058999 -0.1626589851097429 0.8994702222002414
1305031469.985327 1.2401670632318413 1.586045363559843 -0.002304303135362229 0.4040934009146358 -0.05231606304755938 -0.15461575094388846 0.900036400621944
1305031470.024714 1.2516033556752548 1.6010116230952962 0.005545708869167651 0.40632474729920265 -0.06254646168428207 -0.1603491274072444 0.8973718834478552
1305031470.0574 1.2461712485985068 1.622994676294228 0.012940517035122591 0.4100238811004998 -0.0627219251659592 -0.15645220305959706 0.8963643707714836
1305031470.088874 1.2298393936210612 1.6256690539089382 0.02232612674308792 0.4080114241419348 -0.0633928923523488 -0.15502326584428258 0.8974830394028884
1305031470.12482 1.2206244697337358 1.7012357053633531 0.046925765074364745 0.4322294629018644 -0.06261650818195337 -0.12459832884834643 0.8909164499271884
1305031470.156744 1.2101426052182889 1.7072404082743056 0.05607802130148881 0.43074093632949884 -0.06759812101597301 -0.12214514883542663 0.8916127536218108
1305031470.188876 1.1941269022486802 1.7143745390516973 0.06077468158645337 0.42928672111309696 -0.07062634073125947 -0.11850082748675972 0.8925706610436125
1305031470.224776 1.1206179088804642 1.749984007323941 0.05272540585974381 0.4276779153479542 -0.03375038809817764 -0.08900137437396201 0.8989055942569255
1305031470.253015 1.108531652856517 1.7567929798404842 0.059714961213894455 0.4257292181113253 -0.03820861841498214 -0.08424230157807286 0.9001099760306887
1305031470.287867 1.096792045076958 1.7671475595443285 0.06541445379507331 0.42283516841940827 -0.04169716472214102 -0.08123927615101748 0.9015941142289717
1305031470.324266 1.0919166484330773 1.774476661734724 0.06946331346542546 0.41865259112854225 -0.04678293028510995 -0.08383011009226664 0.9030580701246265
1305031470.356871 1.077011773836591 1.787020554466724 0.07177764438219345 0.41481312914551965 -0.05028540536295822 -0.07700875080242879 0.9052464295405064
1305031470.388056 1.0596447108075655 1.7923565238023895 0.0773533617421583 0.41277332914823417 -0.05438593470583225 -0.07181338873902887 0.9063681294307925
1305031470.42409 1.0510379769156155 1.805258741010797 0.08025598050577358 0.4147630172396007 -0.05893349576295053 -0.07166948636601354 0.9051861506516174
1305031470.455875 1.0388790396054646 1.807570068893767 0.08066593873164382 0.4146373676736762 -0.0612879596127752 -0.07380914641167674 0.9049153823651841
1305031470.487958 1.0257273920781833 1.8109962682177634 0.08199238139729927 0.4158935350351658 -0.06441967399621423 -0.07293697573595309 0.9041918329031001
1305031470.524431 1.0166488811137702 1.813839028032027 0.08182707777293967 0.41519153793258734 -0.06786219240591841 -0.07427081988553631 0.9041540548958265
1305031470.556484 0.9791575771820779 1.816267736577965 0.07891560272547703 0.4118653597553336 -0.05283471268254326 -0.06358522515580384 0.9074868250896255
1305031470.588797 0.967367710264202 1.8183212756284644 0.07685880047071975 0.4102966720451899 -0.05353167723736629 -0.062087774446392 0.9082599345479742
1305031470.624535 0.9098603357068965 1.8221838611245005 0.07643932203355179 0.40899197752019983 -0.023031047118518784 -0.04223290182677213 0.9112691782322231
1305031470.656787 0.8996316143121796 1.8250550681212823 0.07571865598162945 0.40778186211696205 -0.025558554293128137 -0.03873410590664271 0.911899326828615
1305031470.68864 0.8896819592298181 1.8266257023335373 0.07928098432263826 0.40756531520974026 -0.03000995495399201 -0.03654028894709376 0.91195105336049
1305031470.724461 0.8720827499322231 1.8312760527059944 0.08131515772152093 0.41074846071591026 -0.027914019402046183 -0.02915209668405019 0.9108549087529014
1305031470.755944 0.863640240045159 1.8351222400981206 0.07590655088946956 0.4082609594715632 -0.026863312093927186 -0.02389002699122117 0.9121571235511245
1305031470.788407 0.8523829504672139 1.8337207436210092 0.08174550005317865 0.4085800907830017 -0.025229815880863586 -0.01601437373649816 0.9122331421518293
1305031470.820633 0.8489283928108547 1.8506512757366957 0.07722832146924612 0.41586497513270343 -0.030214410544795116 -0.011377159483318069 0.908853108095801
1305031470.855509 0.8406810229038671 1.849668633467473 0.07436301591031833 0.41971934466253025 -0.03258972286443731 -0.007985273940636532 0.9070335258852169
1305031470.886079 0.7582909278057935 1.829597507044463 0.050467278293839846 0.4023755203669712 0.01995798415700085 0.02330166221093874 0.9149604647283975
1305031470.92441 0.7401442615955414 1.8006517343307804 -0.040932479254744525 0.3409903613293647 0.020870457274772936 0.03234167269367635 0.9392784537617086
1305031470.956439 0.7313981265735271 1.7970552381431186 -0.04780384257713645 0.34825934257037444 0.018391416628659254 0.03221168894586473 0.9366640770319402
1305031470.988276 0.7277383913191513 1.7970525459662923 -0.05233781070555582 0.35604930314528715 0.01628095013506155 0.03071549790543964 0.9338203160034997
1305031471.024309 0.7231855177121453 1.7951853903491959 -0.06169779183625995 0.36124284423867886 0.016308687191078895 0.031993379753543515 0.9317800480051066
1305031471.056616 0.7154248756087953 1.7923898654275332 -0.06943381175074041 0.36770685616977444 0.01924978973558167 0.0362871413480614 0.9290340988863985
1305031471.08844 0.7031527335648731 1.7995853669680355 -0.06543144855633973 0.38355670983113366 0.022693255726354365 0.04202005803911131 0.9222817255104014
1305031471.123837 0.6986732720959608 1.8008464680415472 -0.0705048880776536 0.39020366863734723 0.019204242226331363 0.045637174273084814 0.9193962923499507
1305031471.155886 0.6926582522162723 1.805611162190196 -0.07445112900814418 0.39728964863097105 0.017167314349768342 0.05230512899796766 0.9160406060263933
1305031471.192698 0.6857036641155803 1.8063841488362062 -0.07531452269703748 0.401252439320751 0.018415241096644216 0.05915325304319189 0.9138699313846077
1305031471.224404 0.6819293021239283 1.809262669383014 -0.07077227677700786 0.4070522801176072 0.017045496462798716 0.0639843361304336 0.9110015900267912
1305031471.256397 0.6763609367870511 1.8050186047690002 -0.07364237897031113 0.4056662297567928 0.01736362356629323 0.06743645439732014 0.9113647673845392
1305031471.288603 0.6718629127256062 1.803575763738051 -0.07306530194747797 0.4088868115810352 0.017396422518330706 0.07226798861958435 0.9095527899025644
1305031471.32444 0.6702712065895344 1.8045258600750584 -0.07355682613168588 0.4136517192836179 0.018677891968848604 0.07589918028768608 0.9070737047875241
1305031471.356569 0.6586110831550241 1.8093985049201666 -0.07259384202382095 0.41668585901418154 0.029958871996499804 0.08373505487624104 0.904689892433415
1305031471.392751 0.6635371086859326 1.8136978626179954 -0.0682323552741418 0.4234861657522427 0.027283134850774823 0.08716962340541044 0.9012860559914025
1305031471.424494 0.6612046119358749 1.8175686249919119 -0.07213172132091628 0.42837748171531953 0.024399874237201854 0.09274133131788231 0.8984967583479846
1305031471.456975 0.6592964523498015 1.8189506955127357 -0.07895972512099826 0.427410642662562 0.019451334269872094 0.09662491230978242 0.8986686900382277
1305031471.492705 0.6568683141738256 1.8182328417471367 -0.0811691213197273 0.4267248475051445 0.01675468608290255 0.09970272117583949 0.8987127196196276
1305031471.524343 0.6566845200964203 1.8198321417780896 -0.07961122152856978 0.4295469554991331 0.012561397931244821 0.10215248001564792 0.8971602393831836
1305031471.556561 0.6481330272353274 1.8232531514915638 -0.08334687568552565 0.42939711164313654 0.016450253749508127 0.10678996520549333 0.8966289159934103
1305031471.592606 0.6494424033644032 1.8240221182749257 -0.08743788152100274 0.4275266487643185 0.015934910031050912 0.10987318588903812 0.8971593650301188
1305031471.624486 0.6473250877757191 1.8245675572149629 -0.09017243676884779 0.42661979216675994 0.01864007574337233 0.11317690432605447 0.8971282454783391
1305031471.656831 0.6514139410409312 1.824985721811418 -0.09720345204639615 0.4242239111852987 0.016959329502083516 0.11664824469506918 0.8978527949118645
1305031471.693182 0.6484494837803211 1.8321691727514289 -0.09542208808391293 0.4291861337878698 0.018358803970610623 0.1221027237399992 0.8947363531992332
1305031471.724753 0.6288267565323199 1.8364845681142181 -0.09922807409914156 0.42796041920935096 0.02995798525072957 0.13315686096646434 0.8934325095313196
1305031471.753002 0.6490997464756493 1.841142567096647 -0.092948806179071 0.43099732574553984 0.0159566202641572 0.13255301006710837 0.8924216441750432
1305031471.792706 0.6734453678169355 1.8628855992618845 -0.055277261268688524 0.4575502941816155 -0.0011313297851696846 0.13162813624218148 0.8793864236708707
1305031471.823821 0.6464398160142567 1.866208356629906 -0.05950123037456159 0.4526007851668982 0.013812773620057426 0.14886392905572352 0.8790911597651979
1305031471.855793 0.6562591623095714 1.8687366669279306 -0.053193373504837944 0.4523899011727325 0.005082732567849568 0.151161458828519 0.8789014486911506
1305031471.892838 0.6602242958302699 1.8731430261332525 -0.05038135573304219 0.45042936563684116 0.0004150071795561306 0.15556871919145276 0.8791539045867707
1305031471.924928 0.6692764183587544 1.8880024057587155 -0.03247061466958222 0.45798476680708367 -0.007731074675250356 0.15571948042137743 0.8751809111688412
1305031471.957162 0.6857281285120892 1.899556576512558 -0.03083923848448134 0.45885636806952945 -0.017090720960282565 0.15416002430422865 0.8748676629328678
1305031471.993177 0.6829610866487724 1.90827439791133 -0.022236971400505554 0.46327880576480646 -0.014023754370203683 0.16049944573024025 0.871444783312623
1305031472.02466 0.6747840851891747 1.917670477002303 -0.0024322987139942104 0.4695980789215499 -0.008979569966379882 0.16266406593029392 0.8677196628240215
1305031472.058063 0.6875841349091913 1.9225784347072357 -0.006874007992262786 0.4637256592748066 -0.018294926691039083 0.16195058344593027 0.8708592406979662
1305031472.092883 0.6788882320341368 1.9250231500195474 -0.005447382716927161 0.4640994388706828 -0.014419117911519338 0.17105122166159367 0.8689909547553687
1305031472.12476 0.6754788843259998 1.9275081248563715 -0.0008984416021776027 0.4613488648439404 -0.016930889110649647 0.1740656818410311 0.8698113061499876
1305031472.156982 0.6748474099391746 1.9274071542077336 0.0017030986476831936 0.4598501577916387 -0.02009236724506931 0.17567920285764033 0.8702131617257914
1305031472.19289 0.6714699833081449 1.9267195294962405 0.0019325555943901155 0.4635677267832912 -0.021107317121177003 0.18082295363104814 0.8671577153488642
1305031472.224678 0.6658059610626956 1.9291298413580362 0.005120011538718607 0.4683178857341509 -0.020067216677078076 0.18395064910518394 0.8639663323359953
1305031472.256642 0.6680931264103401 1.9290130049906582 0.0046024738290729155 0.470535351608378 -0.02184823506495773 0.18419497122211617 0.8626652595809167
1305031472.293139 0.6653819660618616 1.9311371012397376 0.002830296525653109 0.4765968059438085 -0.019235130987806288 0.1875221024118561 0.8586739517459925
1305031472.324844 0.6492243720501538 1.9359967057648975 0.002590966044144452 0.4829949472846343 -0.009291007274130304 0.19421294501620764 0.8537627832539183
1305031472.360912 0.6433540056937367 1.9360861868438928 -0.0024491515678485825 0.48095638872407426 -0.006955419605631299 0.19734976368265883 0.8542163924076881
1305031472.392956 0.6388160297084937 1.9328827368066237 -0.006822440929759432 0.4795245717806531 -0.006658906343008587 0.1998153649051657 0.8544505041093438
1305031472.424694 0.6413684472189916 1.9333290092518096 -0.010978284690439589 0.4806705753382944 -0.010716623622951076 0.1979884068552334 0.8541905775252988
1305031472.460919 0.6417203717485832 1.93334968036117 -0.016249767876802816 0.48036695662160206 -0.010412651295547323 0.1971923856663949 0.8545491950229038
1305031472.492972 0.6448704928992618 1.9359796590253 -0.01574970669821996 0.481737036972716 -0.010583992226263508 0.19661515369759033 0.8539085944372357
1305031472.524781 0.6503640205871205 1.9350539219561742 -0.02056230704578188 0.4800031913587451 -0.012278777585983981 0.19700632332185514 0.8547717101528446
1305031472.561296 0.6444074647556568 1.9363292915651042 -0.02711808250980686 0.48376845808610514 -0.008316489726457862 0.20122028039972265 0.8517096416710798
1305031472.592968 0.6342862567955647 1.9408044956189414 -0.031225521397451314 0.48775378075255826 -0.002612486094090726 0.2059366020717919 0.8483392836625673
1305031472.624647 0.639377206735602 1.9408819914526285 -0.032357985997286794 0.4881111071444385 -0.00648252774882079 0.20615013674621388 0.8480611092578962
1305031472.660836 0.6427062969810328 1.9401136496191607 -0.03200560242943347 0.4900837366501556 -0.008450643589415956 0.20669601144579325 0.8467722695898503
1305031472.693008 0.6418128865966484 1.9396055068857116 -0.034473623889456205 0.4919851675333441 -0.007364655213816468 0.20851110591019048 0.8452333852214299
1305031472.724752 0.6427640146936592 1.9387914722636819 -0.03939014205807358 0.4926015788024871 -0.007279516453464035 0.20972026261722712 0.8445756950382021
1305031472.760654 0.6546773991812913 1.9461985708044707 -0.025606854196052804 0.5042869097943021 -0.014476769191513479 0.20477287522182697 0.8387807850310325
1305031472.792775 0.6573709251881008 1.9451720604353482 -0.031501932005948474 0.5031693239090095 -0.01355497276593137 0.20525216524737488 0.8393500121233868
1305031472.824692 0.6610730320488557 1.9450334281490973 -0.033487915336041306 0.5048031582994207 -0.014452370492670995 0.20575946103304615 0.8382290525587043
1305031472.860936 0.6614707310167942 1.945010241330816 -0.03656087801007726 0.5056836920217264 -0.01426179594381521 0.2062566505584932 0.8375791299334794
1305031472.892944 0.6612144906700332 1.945125641005821 -0.03519676988115898 0.5074193467985268 -0.01588346315325634 0.20716021704929527 0.8362762501499755
1305031472.924814 0.6660701872443388 1.9436126403052125 -0.035927704021142315 0.5069321120140411 -0.020122893607474622 0.20672818915734834 0.8365873288363681
1305031472.961213 0.6654899638761408 1.9460466700408847 -0.028314989669579745 0.5125651073098666 -0.020686325089127832 0.2073372100601348 0.8329828137766179
1305031472.992815 0.6682089013656073 1.944751340723829 -0.030314231330139548 0.5105806975552271 -0.02386265501503591 0.2077432707842023 0.8340147830965184
1305031473.024564 0.6665721563817908 1.9440720609869127 -0.031052603811401652 0.5100485176131956 -0.024368783539595724 0.2086707639968741 0.8340942298819378
1305031473.060795 0.6673650319410297 1.943445689239042 -0.031706664671547424 0.5095267413205579 -0.024645104790843957 0.2077045317372339 0.834646000520531
1305031473.092012 0.6652386029256679 1.9430364412546997 -0.03298023290291953 0.5096170638741244 -0.020794331858780365 0.20736318167478138 0.8347805429312395
1305031473.124072 0.6656455066391906 1.9419577228701652 -0.032542112654961076 0.5090637209315108 -0.020164178070310304 0.20828103951627425 0.8349051098970074
1305031473.15842 0.6632481724573482 1.9415593971449194 -0.035936253577847244 0.50865618260361 -0.0188191587410142 0.20951301714692697 0.8348766512541808
