# timestamp x y z qx qy qz qw
1305031453.404816 1.314012340424231 0.8118546052365587 1.5383067972122644 0.892540878920852 0.22305511607595874 -0.07877406206561027 -0.3839424980296098
1305031453.436941 1.3120688572422095 0.7904918254167983 1.5559275005622335 0.8982941798913019 0.21661914149941966 -0.06948971501894372 -0.3759187324622888
1305031453.473352 1.3020256844479376 0.780085605651906 1.5730023734801855 0.9066248806915383 0.21117264013848525 -0.057702074328365535 -0.3607047440583497
1305031453.505218 1.292642088329475 0.7629532263172095 1.594869524063875 0.911185329777761 0.2037575113334435 -0.04818117535204681 -0.35482776908620006
1305031453.538301 1.2911727646030784 0.7539218677633666 1.6110712835134957 0.9164661244152008 0.19516598978705899 -0.043043963235584196 -0.3466227004378001
1305031453.574074 1.2946402326306472 0.7532659864035623 1.6320910554380335 0.9206571033144312 0.18965962857906465 -0.0388340828527188 -0.33898619059324575
1305031453.605314 1.2881556867056116 0.7639875008516213 1.6479323871111717 0.9252016002759851 0.1875752994811542 -0.03327407295687285 -0.3281925379105573
1305031453.636951 1.2872828019948246 0.7759048350291322 1.6703321902961694 0.9291596482574596 0.1865317000006191 -0.028504407545559593 -0.31789270469048186
1305031453.673185 1.2965748188169153 0.8069187961000681 1.6642359846265504 0.9328110028203292 0.1885848758063479 -0.03152713114693469 -0.30545935512941813
1305031453.705487 1.3103048332349916 0.8377581162827147 1.6530128292926374 0.9348601554044547 0.19141245776348828 -0.039401169184897576 -0.29638709269629604
1305031453.736856 1.324862410919415 0.8598556618412632 1.641088080425652 0.935396377564295 0.1943052437860596 -0.04981798000042231 -0.2911996874062755
1305031453.773786 1.344992199891382 0.8888022142545905 1.6471191431413237 0.934949225203013 0.19899886390266788 -0.057989420191852846 -0.287935106584011
1305031453.805041 1.376031427155321 0.911020396010962 1.6288898823172373 0.9341313911841842 0.20058977058440838 -0.07226081245109267 -0.2862527954887129
1305031453.840352 1.4019038689337024 0.9218640533336466 1.6450930616212898 0.9320879993997718 0.20240022380966677 -0.08068706720806493 -0.2893712286356211
1305031453.869618 1.4468124831417692 0.9427806292268263 1.5961931402929401 0.9306104239179188 0.2011751650482772 -0.10754259383095213 -0.28622959730821085
1305031453.905519 1.5142941559782486 0.9329076895821735 1.4489305370280112 0.9281305635051167 0.18254312732255437 -0.16044495020806537 -0.2819735478865131
1305031453.940012 1.571362741347654 0.9214079328465999 1.3584794702237597 0.9187050273782049 0.1702810556881523 -0.20390290944212852 -0.2922482476675869
1305031453.972592 1.615432298902921 0.9302414653126148 1.3175091348464822 0.9165181066611814 0.17191253264515471 -0.21731612724974836 -0.28846896214134243
1305031454.003179 1.637810580917478 0.9525265442643669 1.266735501392369 0.9114744196658234 0.17521729979626113 -0.23656576256824002 -0.28731501897301637
1305031454.040976 1.6543540069008247 0.9831524693443284 1.1708121746973392 0.9073605380213289 0.1751706587126388 -0.26212065590290357 -0.27803750847117115
1305031454.07269 1.6700169673818877 1.019580130977591 1.1326475116601729 0.9033326889921242 0.18274487746779552 -0.2753413317015913 -0.2734620884406703
1305031454.104619 1.673688457988758 1.0658744704359346 1.0941603902071952 0.896936503524757 0.19243439329156475 -0.2918947887166488 -0.2706868028614509
1305031454.14103 1.6725661627929986 1.1031251036858487 0.9837349497667148 0.8892003352711803 0.19244963979313676 -0.3217871180085132 -0.2621811407803539
1305031454.172688 1.6878296237497863 1.1430168658040822 0.9406579554146735 0.8821508977469112 0.1994580365826741 -0.3385122358625086 -0.2596839452455011
1305031454.204626 1.6933707063901249 1.1825769396347228 0.8836213007470295 0.8719020880204874 0.20665548132035022 -0.3591285683404346 -0.260973049082694
1305031454.240858 1.7133978934811624 1.1985859353185304 0.7828106316188035 0.8668602689873286 0.20341940901002498 -0.380822853307592 -0.2492945496554083
1305031454.273489 1.6917973728918136 1.2507630277895587 0.6893866668650439 0.857810634155205 0.20678949816907272 -0.40581854455830296 -0.2381393043363675
1305031454.304744 1.6800568755451295 1.2973513882197854 0.6969582168282689 0.8550532067363399 0.21912644192003422 -0.4100251093660715 -0.22966720660710077
1305031454.340806 1.6797464293372473 1.3215034561397674 0.6364149985057561 0.847632712030821 0.22188266719045735 -0.42526073535531134 -0.22680426464417314
1305031454.372652 1.6522413160033687 1.3892065004279686 0.5905629266963409 0.8392544110417474 0.231773356409582 -0.4410310379124355 -0.2177722856643759
1305031454.401962 1.6387989757196355 1.4307118302889876 0.5588865565684038 0.8356561538277978 0.2404658322500608 -0.44891996690810376 -0.2057324461557891
1305031454.437248 1.6476710089703501 1.4437518899908324 0.4799662989642154 0.8319538834371808 0.24131768388214728 -0.46085800737465915 -0.19294664629945826
1305031454.470741 1.620369422910649 1.4702819612603406 0.39109328813556454 0.8253442111212353 0.24513979385281298 -0.4769696143765313 -0.17667314906337334
1305031454.503859 1.5854285887629973 1.5154829915210943 0.3643764986027121 0.8177439004642564 0.25639778737612373 -0.4862351490586605 -0.17067650014584435
1305031454.538424 1.5462842716443352 1.5715801382569827 0.35224228991809814 0.8107825965934873 0.27207040691849965 -0.49271100406478957 -0.16076424109170304
1305031454.570323 1.5224240151172526 1.6064268140571134 0.3617022738399969 0.8047450956799145 0.283890352906574 -0.4969553531551732 -0.1575657814251665
1305031454.602019 1.4866001661164796 1.6742724845319292 0.36681149406460645 0.7985526227641168 0.3038286587417402 -0.4993771584609985 -0.14361165833999792
1305031454.639284 1.4491137401384269 1.7163299389333375 0.34088232257456164 0.7850475868958388 0.31379458003153066 -0.5143719012571482 -0.14371776177272702
1305031454.669573 1.4590075350951748 1.698904100535462 0.2777917419055738 0.7785539685224575 0.31145732938739185 -0.5262571103822612 -0.1410726899187742
1305031454.70203 1.459460636616363 1.717493614635312 0.2844723488305532 0.7697553543508521 0.31802472493054024 -0.5337593951244398 -0.14641679171953112
1305031454.740764 1.4488989125220568 1.7213879270101813 0.2390725649615504 0.7575852702856702 0.3173527193576933 -0.5497196065637594 -0.15218463760133863
1305031454.772865 1.4784998244118108 1.6357525987325867 0.11873809366804321 0.7577699657803827 0.29688700889213876 -0.5628674799863468 -0.14430170784192467
1305031454.802574 1.508938793566365 1.6007390996867783 0.11759727337285383 0.7585462186479865 0.29025596821401406 -0.5634916281772633 -0.1511168159574676
1305031454.8405 1.531356381741705 1.5636417297356333 0.11309386490107244 0.7592449741262165 0.28409634263247047 -0.564217963119066 -0.15650695658885927
1305031454.870269 1.5598614377401372 1.5238932774197917 0.1289421608644861 0.7624049970983338 0.27886644146835854 -0.5603583764622472 -0.16422733679524468
1305031454.901065 1.5890833277564351 1.4850848641196723 0.15379401970313936 0.767855897581632 0.27409246668534915 -0.5537894807123734 -0.16907942307615947
1305031454.94024 1.6140793000168947 1.4516282914747098 0.1867385365590136 0.7730557783223947 0.2710649359227228 -0.5465470758018282 -0.1737666770357232
1305031454.973081 1.6401027369763062 1.4204078579202342 0.21959726704449894 0.7778848911188968 0.26824810499799406 -0.5393625434264168 -0.17895836689720274
1305031455.010759 1.6676927501075387 1.3916890587323398 0.2463211324701964 0.7823513881631969 0.26497028993758515 -0.533486616826374 -0.18195900790194594
1305031455.040446 1.6825519772109272 1.3308326241886643 0.1618333011472994 0.7819926435603797 0.25067309518879 -0.5416738156283388 -0.1795549560122392
1305031455.074282 1.6941260623547578 1.3161950887385512 0.1709385219224088 0.7837005963230834 0.2497389315342581 -0.5390321165123566 -0.18135109254476464
1305031455.11034 1.7041975876744542 1.308484697917741 0.18158777035053636 0.7864787000814849 0.24902946858338582 -0.5359184588250778 -0.1795187555264559
1305031455.1427 1.7189704881477301 1.2950903562728409 0.20092435277239476 0.7906708037590895 0.2482397773225092 -0.530814755558938 -0.1773482120539463
1305031455.172771 1.742672258233263 1.2737851102088913 0.22247051889678862 0.7947052467181072 0.24612762405288455 -0.5251225860991064 -0.1791955163651727
1305031455.210307 1.7698430894497337 1.2461298213680863 0.24408264674445482 0.7978292310639926 0.24317659502467528 -0.519995729989813 -0.18422296948101954
1305031455.24096 1.7939297584034979 1.2249560963676296 0.2531238544718558 0.8015547005875585 0.23931842709872939 -0.5158336172411128 -0.18480376549445302
1305031455.273001 1.8182888349566548 1.1952332202386344 0.2742489187191579 0.8059558785832452 0.2358430729335242 -0.5101283169496579 -0.1859630795950935
1305031455.310303 1.853405165309586 1.152729453997234 0.31287808083144225 0.8103040459517946 0.23217376834648293 -0.5014079001851699 -0.19517379956808847
1305031455.342381 1.8975781881159883 1.096265182309639 0.3314753310605977 0.8148064098454115 0.22361695598991704 -0.49512678294261875 -0.20232508564566987
1305031455.37412 1.9291182387813963 1.0280229447350075 0.30182389676703447 0.8167753666425731 0.2124671188894783 -0.4952398545797445 -0.206090296405552
1305031455.409213 1.955465853126809 0.9846889339563442 0.33659962466540827 0.8193030531699541 0.21003970110453615 -0.48682850319240906 -0.21822886955154905
1305031455.44238 1.9898628400053024 0.9349554351126106 0.3838002548680934 0.8243027519908696 0.2054474835390014 -0.4760215470300659 -0.2274198569405786
1305031455.473168 2.0217283251154536 0.8939475568005312 0.4121098459594177 0.8273358578928772 0.20011292149503554 -0.4689836439942526 -0.23563645422822643
1305031455.509397 2.051626623240646 0.8458042235809887 0.42837373976295073 0.8309862028817442 0.1924251433819312 -0.46317477671451307 -0.24063171243642204
1305031455.540835 2.0910086925727187 0.780666773446117 0.4385681894311039 0.8344280275230745 0.18065825355869372 -0.45695604838896914 -0.24956688912155794
1305031455.572996 2.128947664113214 0.7226434824464132 0.43141361843103454 0.8362191186172392 0.1676838890908787 -0.4551237726877849 -0.2558946082527004
1305031455.608802 2.1661313445160877 0.6587868195483695 0.4308521830293561 0.838457634034451 0.15459808646849857 -0.452302642215958 -0.26174519562752696
1305031455.641333 2.197991380264723 0.5996681506012306 0.43321559050214553 0.8404723285186013 0.1439548904545061 -0.44767624232248526 -0.26920110803778446
1305031455.672887 2.2173628712276874 0.5878333746116736 0.44915050669252155 0.8434001360362705 0.13915853953319646 -0.4446126347737873 -0.26763915335484656
1305031455.70768 2.2312407988970357 0.5989604603511011 0.46203231481551593 0.8457757409608302 0.13930324500959207 -0.44338554230308375 -0.2620443909122202
1305031455.742005 2.2362412429793475 0.6248960951694171 0.4707294994334533 0.8468132289142566 0.14306150391810696 -0.4429953666630435 -0.2572855739204515
1305031455.773667 2.242588496438914 0.6377367743418237 0.4917663063886547 0.8483597734463585 0.14558912524036996 -0.4401096312449475 -0.2557205777703925
1305031455.809109 2.255639150578414 0.6407564727845634 0.5235817633346903 0.8508350599238268 0.1454260304501269 -0.43506004164515044 -0.2562298394716291
1305031455.838364 2.268864618159052 0.6464820643794167 0.5498847487478766 0.8534380950666751 0.14487340131527454 -0.43201989365081267 -0.25300973690798695
1305031455.87222 2.2802704898229185 0.6547488908220082 0.5625148967330916 0.8539871850425631 0.1456309544794027 -0.4309340738909876 -0.2525734286107984
1305031455.908418 2.289426171947212 0.6623886885659485 0.5799225404318289 0.8554878741440164 0.14645927620412724 -0.4288061117817594 -0.2506301979110338
1305031455.939606 2.297237187527637 0.6691669192638225 0.6087930689110524 0.8563425268452765 0.14853157106699894 -0.4253454683958354 -0.25238280771031807
1305031455.973594 2.298914535453949 0.6810187870297758 0.6114343445255381 0.857077934529244 0.14956275223057772 -0.42569874138771435 -0.24865433611585325
1305031456.008998 2.3012982335950514 0.6934481851219219 0.6514524018797654 0.8583854278953593 0.1541207037835023 -0.42114454033253457 -0.24911551936857937
1305031456.04193 2.30366715130238 0.6978369017328979 0.6959601300228855 0.8599722197256762 0.1595837512952017 -0.41533064324693786 -0.24996252599685698
1305031456.073846 2.300442409383826 0.7210728807552905 0.7368162013526997 0.857917439005282 0.1712315144277192 -0.41079838321470213 -0.2567140912875545
1305031456.108963 2.298767209553175 0.756559087472289 0.8036787287418494 0.8583094865063292 0.18349422069046709 -0.40282952824399487 -0.25954396067171365
1305031456.140836 2.2988446109478278 0.7653708875494447 0.8248642635993938 0.8585280176389898 0.18606546090017667 -0.4000813318444687 -0.2612359376089504
1305031456.173198 2.296313752961505 0.76865228720949 0.8347405028832252 0.8582485770750846 0.18704359064234938 -0.39805456529265676 -0.2645309777660906
1305031456.208934 2.2936469173606686 0.7691922151328504 0.847107747648141 0.8630492609017218 0.18289272509869725 -0.393851180092742 -0.2580261077924453
1305031456.240996 2.2854568460612747 0.7704648751139804 0.8833277351872305 0.870234478452171 0.181001715392653 -0.386641690729429 -0.2458424994338525
1305031456.277928 2.2788687625345463 0.7278165136598825 0.9602676321282979 0.8776567209784495 0.1747173923849125 -0.3694097480653783 -0.25045748332570594
1305031456.341659 2.2756272815159204 0.7102426958703617 0.9926025555701711 0.8843704988414568 0.1686275783732769 -0.3602700938839153 -0.24425196016358264
1305031456.377115 2.2584837887764775 0.669273086033605 1.0781260825009942 0.8936394965882868 0.16214050127978136 -0.33928591187490215 -0.24495709417240943
1305031456.440717 2.2539915828972124 0.6562253745815623 1.1588403659769946 0.9018595996202441 0.15865415627845247 -0.3227979407031233 -0.2393315916175888
1305031456.476027 2.2777953792267334 0.5893445321443076 1.2678403793012933 0.9085644568891046 0.155219585360652 -0.3008604418887579 -0.2447457915976799
1305031456.541832 2.3009605416426075 0.553499682766942 1.2431188947519807 0.9075295943162922 0.15093647497571208 -0.30164887711478994 -0.25023223392960103
1305031456.576087 2.3206424839028528 0.4914907275661031 1.2476855817364858 0.9098662070324399 0.14111630132579853 -0.2952313487526369 -0.25508454581613993
1305031456.640699 2.3251726933043373 0.4535252291059115 1.2240116886291825 0.9140879065856676 0.13549906715893464 -0.29466270438931097 -0.2434280026514364
1305031456.675835 2.3392857768327895 0.4007194968222996 1.258219101108853 0.9196758747794653 0.12784155767619035 -0.2835483457291718 -0.2396938820950602
1305031456.740863 2.354496632130622 0.3388854307890025 1.289846364125292 0.9223906391335768 0.12099456715456473 -0.27486460764917425 -0.24291000600983206
1305031456.777218 2.4181348669868394 0.2741349767130049 1.2218895463510508 0.9209416739163001 0.10390770855983716 -0.2825308534977484 -0.24747916713921775
1305031456.84105 2.4368087323782928 0.22849181995564238 1.2171233349831256 0.9218745491907566 0.09579158676911893 -0.28275857260057924 -0.24701999327883675
1305031456.878006 2.445917465156249 0.17903637455412752 1.2889699047356384 0.9266056801120415 0.09439558603367497 -0.2654739655625272 -0.24902803161484888
1305031456.942298 2.444518432197008 0.17229063179427714 1.2983573165259836 0.9319161745049604 0.08757380284420223 -0.2608430088984323 -0.23627102543531928
1305031456.977139 2.445025240879652 0.14148574139719888 1.2996342101252785 0.9350501792935095 0.08144715404257401 -0.25735724072283794 -0.2298146512933153
1305031457.006193 2.440493561730428 0.1269848249557992 1.34906049325807 0.9369415154515708 0.0855629799663515 -0.2465365732831515 -0.23246352642165793
1305031457.042512 2.443319826989851 0.11178534601110192 1.3419286631599572 0.9376373938539618 0.08265072310470824 -0.24605020858989143 -0.23122342111016828
1305031457.076011 2.4449347873122917 0.03259528691360225 1.3464848518341805 0.9386175884900358 0.07493018922932544 -0.2399827665406514 -0.23620067968298158
1305031457.14212 2.4366709719120454 0.01746786628914216 1.3928252422317284 0.9403258536694856 0.07551678393190549 -0.23100610737226293 -0.23816104346019673
1305031457.177463 2.422252101088196 -0.052196780783416045 1.4528026586773937 0.9449811978111992 0.06217684797566077 -0.21815035639746858 -0.23570107628685144
1305031457.240792 2.415552523565929 -0.09563334450577592 1.4883128781401698 0.945594581357455 0.058504374676518874 -0.210424728353127 -0.24114219777683318
1305031457.277247 2.4042628504684482 -0.1342582045324073 1.5317121343987583 0.9500722394308726 0.04312749422457815 -0.2022955000413075 -0.23362210890186114
1305031457.342954 2.3840248993484363 -0.14388537942306878 1.589905016727499 0.9544395691571688 0.03875414195459843 -0.19260138184511366 -0.22460617315602366
1305031457.376037 2.3624223987350805 -0.18651300260004716 1.61647051387914 0.9587414152724457 0.020412416552297013 -0.18786048956854604 -0.212383305254791
1305031457.441357 2.343695431406702 -0.21497905199677975 1.68144995814199 0.962193163199795 0.013146720010256034 -0.17653226310264944 -0.20699719932501828
1305031457.476577 2.358826113291254 -0.25415771925683805 1.6916679016029066 0.9623804291726608 0.002230490238939388 -0.1767243070243914 -0.20636727881495162
1305031457.508603 2.358917810929719 -0.24127978759159235 1.7212616484381016 0.965049133040875 -0.001833733486091033 -0.17382216682400448 -0.19611900101511204
1305031457.543946 2.3531636137163847 -0.24523735553857212 1.7584674693753606 0.9670205479434136 -0.006823781382234526 -0.16905648509320567 -0.190380147890473
1305031457.576581 2.347134616591632 -0.25163895890478793 1.803792606237789 0.9689401187528524 -0.010163767801442652 -0.1619773553429773 -0.18658799653616986
1305031457.643534 2.35268363955882 -0.2613546764385101 1.8155129296731511 0.9689197954039435 -0.012828130039065114 -0.16109627604951335 -0.18729084066515364
1305031457.675414 2.3574147088546313 -0.26088576707367617 1.839186107019858 0.9707830329697459 -0.017847996768350038 -0.159970243256629 -0.17796424692008553
1305031457.707739 2.364493678753146 -0.2903122300375001 1.8555857049603777 0.9698772927204299 -0.0187542231954657 -0.15790701077255623 -0.18453100586757754
1305031457.745071 2.383663678272525 -0.2858711640461203 1.8381706111757383 0.9684237639466873 -0.018551501432199174 -0.16299387022716796 -0.1877345292861997
1305031457.773518 2.3911767926217173 -0.2699861579188876 1.8521847659418549 0.9692151085197686 -0.01969264787862284 -0.16254791120726156 -0.18388161843614992
1305031457.807824 2.39490629963449 -0.24255436015677115 1.8525050628325332 0.9712074994254726 -0.02702846721322549 -0.1648226175790819 -0.16987925051107333
1305031457.842853 2.381625277175016 -0.20424300129163797 1.8984166322553955 0.9744210085757177 -0.03037750795016185 -0.15969452295604092 -0.15517269216863339
1305031457.87592 2.3671499271622074 -0.18191832154826817 1.934941818805919 0.9764558425297593 -0.031145638511229052 -0.1545847189546885 -0.1471988500530008
1305031457.906126 2.357059319774555 -0.12578689162711632 1.9798786213038677 0.9799568844498381 -0.03330597240061707 -0.14792199022119518 -0.12920643029979834
1305031457.942604 2.355812075528359 -0.09206240017479629 2.0241569610653407 0.9819930944845043 -0.0381868257114417 -0.14285047805081985 -0.11758005633390169
1305031457.976744 2.3669103916156127 -0.05265130832519842 2.0833407079645605 0.985129492084438 -0.045840423706325406 -0.13362892315737399 -0.09778471391624795
1305031458.009019 2.3686066791971676 -0.01576391219880761 2.1000441904694247 0.9861816722779068 -0.04827637173951822 -0.13101909736680487 -0.08915771037889467
1305031458.046303 2.3592239441869953 0.03526763948634752 2.1346241054929838 0.9888576808471884 -0.052052211149830385 -0.12315491946121207 -0.06545166274768054
1305031458.077315 2.354319752822604 0.029699309149766415 2.1547165884861768 0.9896391970241012 -0.05440102406413117 -0.11774622891271351 -0.06156796140120954
1305031458.108896 2.3524325099251953 0.024492046914644204 2.1707045709150736 0.9899584850279373 -0.05444291380933642 -0.11415031632235204 -0.06314960285423284
1305031458.144808 2.3573705966809952 0.027038796858426795 2.1848873089045666 0.9903672631464747 -0.05568224173953585 -0.11044207223094513 -0.062247254750358194
1305031458.178039 2.372569294692379 0.004138804311433101 2.1922437153360312 0.9903798826667974 -0.06004039266402427 -0.10853760011893711 -0.06133863886712929
1305031458.209384 2.402388675829005 -0.030958929373343446 2.1576662827822712 0.9894211753666 -0.06120316487349492 -0.1138582327137462 -0.06584992930099433
1305031458.245729 2.4325998706551384 -0.013414190189467101 2.1389028289279235 0.9894782504184785 -0.06154941866316333 -0.11686130512703725 -0.05905841493825467
1305031458.277447 2.478432160658284 0.02086009648259666 2.1003629774498296 0.9889633453106762 -0.06494867453516819 -0.12490628560608551 -0.04616915771521114
1305031458.308343 2.5228630873027043 0.003637452148156209 2.0527417384962185 0.9876694373740429 -0.07064281143251455 -0.13360308722295228 -0.04085205936850819
1305031458.343898 2.565253548019774 0.02765803056513627 1.9922071630634062 0.9865695936716394 -0.08089765585118504 -0.1408438098199737 -0.017292407459763744
1305031458.376213 2.5939173688563546 0.06057735698964175 1.956258644854455 0.9857339238623707 -0.08863318210974573 -0.14295582447597724 0.0060351159382772785
1305031458.407856 2.6078959770428676 0.044116017719710576 1.945543068234308 0.9848989989377908 -0.0987254981962526 -0.14139024178560614 0.01536350952898407
1305031458.443957 2.6070312849368538 0.0490049327937436 1.9175386353122286 0.9833681169169439 -0.10927780948966796 -0.14199787405267245 0.029700349305774438
1305031458.476034 2.578173432471511 0.18069194958743098 1.9850993589992298 0.9844341153329182 -0.1088152883747207 -0.12266570155174485 0.06326002882894698
1305031458.508869 2.5758203930466026 0.27391645254058605 1.9284385138262623 0.9782832084984839 -0.11730619189229265 -0.12492456717889508 0.11659791519922767
1305031458.544401 2.5581044116546914 0.29148108901684977 1.9348885877300424 0.9773343507442984 -0.12102247681520337 -0.11976221525112837 0.12580993108207522
1305031458.576178 2.5529349449579253 0.3493403038723827 1.933302467024665 0.9763564598534229 -0.11942340497348541 -0.11357207823039314 0.13988386859627364
1305031458.608421 2.5558009284717875 0.4216079204689852 1.9087900931355926 0.974771985231986 -0.110594145845201 -0.10831623325897612 0.1607983374424324
1305031458.643659 2.586204571188019 0.3862349449781486 1.883958347663475 0.9745230703648774 -0.11082062146754618 -0.10977914098260962 0.16115866526277614
1305031458.676991 2.639590269530831 0.3947571845400795 1.8379956389879435 0.9747433972882366 -0.10176963638680656 -0.11765996773876115 0.16023227684957222
1305031458.744924 2.707823985992086 0.3819333205599456 1.6950620634590432 0.9706081175665464 -0.09947601317280018 -0.1422612884196888 0.16669172365279628
1305031458.773802 2.756298642573869 0.4583702705117123 1.642992266296809 0.9688410974228631 -0.08709806942574372 -0.1501843242056341 0.17665085057725521
1305031458.810621 2.796637414241005 0.5412594984992409 1.5430273198921616 0.9653343399677324 -0.07023638726074928 -0.16171173946414102 0.19247279107214596
1305031458.842919 2.8186355803330354 0.5626876561657611 1.460637878629321 0.9632711031670258 -0.06147462831753245 -0.171489769818189 0.19728383290149962
1305031458.875889 2.8279626655228993 0.628242715627003 1.3896357501468488 0.961012856148159 -0.053545522715182356 -0.1768123490168418 0.20572933808832997
1305031458.910599 2.817516742084152 0.61575444397092 1.4045960188322764 0.960349815608047 -0.05778250017106715 -0.16921657033653761 0.21390457372181287
1305031458.943997 2.8039562950819388 0.5836524298100985 1.451175516540531 0.9617351346006378 -0.06322021351296991 -0.15809021640506127 0.2146537187077559
1305031458.976007 2.8043532686334616 0.5732315202188418 1.44800334542721 0.9606931786245515 -0.06814989914242682 -0.1540516801633403 0.2206632901730252
1305031459.01256 2.831773345250066 0.5950387250793661 1.499312779019245 0.9596040329439129 -0.07183523010606674 -0.1494160434321937 0.2273205790034304
1305031459.073657 2.878144843628997 0.5552708588514149 1.4926141298465778 0.9568466991856901 -0.082236046281227 -0.15312905615622768 0.23288005305346374
1305031459.112711 3.042913165147728 0.5210538854291661 1.3716238615836618 0.942322355570285 -0.0904301587775053 -0.19420164543505525 0.25717053774929527
1305031459.144497 3.1251274826566844 0.5277086045595089 1.3977563932374855 0.9406884731105073 -0.09002689335177601 -0.2006214881559133 0.2583628717918985
1305031459.176463 3.1715598385616355 0.5728991940149132 1.3391843077184857 0.9347942857780452 -0.08366665534092513 -0.20692676812376876 0.27629847392743434
1305031459.244159 3.216271091945714 0.5085035982270685 1.2722554525814334 0.9301301154094728 -0.09042469961966688 -0.21663103160287006 0.28240456485993665
1305031459.274941 3.2171130624699975 0.45029425293153175 1.1784437401852295 0.9256582849395344 -0.09518716083626619 -0.22544530394840248 0.2885663855377877
1305031459.311921 3.078336381093044 0.18242428118428014 0.6699769207826154 0.8967554721527059 -0.11877710520961213 -0.2787949281417761 0.3224825739239631
1305031459.374084 3.026462800709211 0.08863768567060976 0.7117119851874457 0.8918759841978873 -0.13757290612897743 -0.2710086041799421 0.33494068246589137
1305031459.408831 2.8707936806643692 -0.10756301226006997 0.33713416325618306 0.8460386280723126 -0.14879962640945252 -0.3136127900715161 0.40462863083756906
1305031459.443181 2.776961879618263 -0.32874304998636455 0.448711104395034 0.842956913283595 -0.18521673028837746 -0.30973374440521284 0.3989779602251261
1305031459.473401 2.7006624899935683 -0.433291172350208 0.488146092112281 0.8311237515711489 -0.2057508577192965 -0.3018877338697794 0.41924180404754724
1305031459.510267 2.5328423068798873 -0.8027899339197837 0.5694232381875148 0.8228064845553043 -0.25577822500681857 -0.3267943030994915 0.3882943111195692
1305031459.544431 2.416748379014131 -0.9520640624177142 0.4776618342777705 0.8170130838773552 -0.2660337732098146 -0.36533869827006027 0.35811072007313677
1305031459.576817 2.3728970670460607 -1.0566682955605362 0.5114340242648296 0.8151783702005924 -0.2821978710501014 -0.36834461219040987 0.3466566500187079
1305031459.611939 2.3384874315737596 -1.1289717799862882 0.4719528745861919 0.8087564635035778 -0.2895748666522065 -0.3781801332133162 0.34502053009538614
1305031459.643453 2.318683867714194 -1.1439509752852548 0.4329835811162609 0.800980353857585 -0.2891674776628875 -0.3851641128077333 0.3556139041169413
1305031459.675678 2.292157039802475 -1.1956992740172527 0.468065685671773 0.7948234726160023 -0.29989214401909065 -0.3817052652190042 0.36417226670679054
1305031459.743425 2.282259790202766 -1.2200955622814875 0.4937298916803235 0.7953827649646799 -0.30456078397110525 -0.3805938794115287 0.36021838517561744
1305031459.776577 2.329915815143425 -1.1877360649910402 0.5668379556911971 0.7984184628654015 -0.30477696205498606 -0.3683245356170243 0.36602731867810967
1305031459.812562 2.353608207447569 -1.1792959409741808 0.5665684591784751 0.7984702713685389 -0.30228888478439403 -0.3681179184152814 0.36817910589556757
1305031459.844736 2.381256428925802 -1.1748416749941661 0.5691522198423167 0.8008920956591299 -0.29908671710624807 -0.3673467698177712 0.3662995187899978
1305031459.877006 2.396421995926375 -1.1834717847556442 0.5331976086040626 0.8013946451553299 -0.29586530610796247 -0.37170504211554967 0.36340845480517125
1305031459.943616 2.4134385944856196 -1.18269799339071 0.5089757688202213 0.7995183513912065 -0.29403650417587096 -0.3740565514513109 0.3665987402011538
1305031459.97943 2.43489647780094 -1.215767737782547 0.5064196952280587 0.8006971726949815 -0.29661596976360066 -0.37580038658062465 0.36010703070797573
1305031460.011909 2.4336847010818157 -1.2273328185539583 0.4706867613400838 0.7988494874981796 -0.29618858594912345 -0.3816749831612417 0.35837972195175954
1305031460.043717 2.442204522931328 -1.235551365084942 0.46599114073837095 0.7971418086333932 -0.29774728213856255 -0.3829856363930986 0.359490605196235
1305031460.079449 2.4384683045432736 -1.27073801202209 0.4232304316747524 0.7919401207914546 -0.3001858129669303 -0.39238548121469585 0.35882162268474116
1305031460.111951 2.4305538969828615 -1.3127332266120362 0.3659186060726507 0.7819925487492633 -0.30354615383246747 -0.403806630959042 0.365085731010752
1305031460.144204 2.3332038858636097 -1.406095864836357 0.16726533085819978 0.7677162508334222 -0.30499049676618334 -0.4454867682273043 0.34515807164686524
1305031460.17873 2.320581591612415 -1.4408557114783644 0.11340870491089133 0.7626944357825403 -0.3061463429215934 -0.4543621332656228 0.34369560107222674
1305031460.243467 2.308301211517567 -1.4490673779960244 0.07321155164398814 0.760063391550068 -0.3065938368478994 -0.45925613225889356 0.34261883342118454
1305031460.279164 2.3201917312639786 -1.4380909836933153 0.14651581527331226 0.7615830833827769 -0.314481765393972 -0.4472085918539854 0.34798980116067835
1305031460.342879 2.254787330020572 -1.4556212046712738 0.0454686570862631 0.7537998000473819 -0.31501780370317223 -0.4619379178216602 0.34519994912680063
1305031460.377806 2.2517879921602613 -1.4667318119739918 0.12563898082149022 0.7582737174594201 -0.32546256521586114 -0.4480801005948539 0.34397574261027236
1305031460.409883 2.235752656904268 -1.47735797088184 0.14534588735132292 0.7568857295990994 -0.3307199798241302 -0.4443059030248962 0.3469013574657753
1305031460.444036 2.1736114981786216 -1.5110129079909176 0.12021701335813922 0.7537703566775499 -0.3373956183200688 -0.4506947209052597 0.33892287423652545
1305031460.479856 2.16012553630355 -1.5307495780595177 0.19297354552503257 0.7584155106456995 -0.3460562336098139 -0.43981851811542566 0.3340818275730721
1305031460.508966 2.086659182018009 -1.570878773694534 0.13508535433152755 0.7531307495632334 -0.34969657047073727 -0.45079296060068513 0.3275547119737342
1305031460.544245 2.0909144655244343 -1.5786895717237657 0.20111508193213298 0.7594130965006956 -0.3562465915895459 -0.44011651807211377 0.3204334023851687
1305031460.579561 2.090388350702591 -1.5774521285010545 0.23763848707282167 0.7623384036792352 -0.35924861634418015 -0.4346706936023362 0.3175562596672463
1305031460.61219 2.08132041315031 -1.5879007645510042 0.2732348639500266 0.7647463600019537 -0.3646878262257811 -0.43017958006191537 0.31162689736964455
1305031460.644011 2.078460902211152 -1.5901109023531688 0.3055153493904896 0.7656362194659815 -0.36811366308979077 -0.426390227326599 0.3106201611757141
1305031460.67935 2.0866947574916117 -1.5895310038897728 0.3235188102919388 0.7670475118628014 -0.36878979713583515 -0.42315397038944275 0.310761833913442
1305031460.711684 2.087456452698535 -1.5886914381920891 0.30638589817494044 0.7668397233070107 -0.36663195701861256 -0.42592915981439716 0.3100358006278169
1305031460.743767 2.0963747454101918 -1.5799144888995251 0.3250188312999701 0.7684581562950861 -0.36726815871206153 -0.42187517572263933 0.31081746689785833
1305031460.779201 2.1134110617457296 -1.5751193523368343 0.36198135999101616 0.7709406206557814 -0.369174106802977 -0.415221169555159 0.3113718334119969
1305031460.811318 2.1299359531255857 -1.558306212667452 0.3490171082145754 0.7727219180737531 -0.36453628766659923 -0.41603828182472047 0.3113298578019922
1305031460.843836 2.1511118641878575 -1.5387875772426831 0.36322416824620474 0.7769661530527949 -0.3617834974935843 -0.41089297049863094 0.31081065738880614
1305031460.879093 2.1765600471447812 -1.5153835477693585 0.39333306676768404 0.7832191669308224 -0.35975352450352766 -0.4029413681887307 0.3078691149850402
1305031460.943375 2.1916229405208036 -1.5016500824571173 0.3864001136568851 0.7854819279536273 -0.35599975846106346 -0.4030987585614239 0.3062575773432489
1305031460.979083 2.201425148766701 -1.500838103347653 0.409564581099053 0.7877747091589761 -0.3608829504392622 -0.3972524027735542 0.3022664919940375
1305031461.043398 2.2109840391830766 -1.4970551321498144 0.425546208968658 0.788138762743457 -0.36292579520612955 -0.3946784553541014 0.30224340309510794
1305031461.079602 2.2205983193755583 -1.5136664628292 0.44022866173043024 0.7801996733832445 -0.36915383650392797 -0.39349756832615107 0.31650209852150396
1305031461.111961 2.235051657520352 -1.4988228597404536 0.440141365513102 0.7819378727855261 -0.3680379148035336 -0.39196450275116423 0.3154125630880068
1305031461.144098 2.2515291582663064 -1.4830036336774282 0.45616790480001174 0.7827913843267132 -0.368947551332155 -0.388668377149334 0.3163103627672951
1305031461.179883 2.262481462017234 -1.4653440978923202 0.4404569085957021 0.7781869980033911 -0.36643972335700237 -0.39164415771827354 0.3267442103689949
1305031461.21118 2.2760845094090825 -1.4528386072481274 0.4562436978226307 0.778703860294624 -0.36697808208986027 -0.38792301394235107 0.32933739611799506
1305031461.246864 2.2928755339441724 -1.434320386870728 0.4686195948155471 0.7799390102226115 -0.3669464688487916 -0.384490425928371 0.33047320875041575
1305031461.278888 2.3072800839747147 -1.410673460698271 0.46155983166834985 0.7778505807053968 -0.3645213640544455 -0.3844155855288552 0.33807884708551456
1305031461.31124 2.311824220881879 -1.3909640192543558 0.45175165155599917 0.7758216773754014 -0.36242070428535067 -0.3845578137263975 0.34477129509531734
1305031461.346875 2.324592239937476 -1.3742073629781393 0.4675613333672901 0.7785889883307062 -0.3602575556079384 -0.380798913522054 0.34497227183932283
1305031461.37885 2.3373443426051295 -1.361826777514348 0.4686388298694621 0.7838274850439343 -0.3579301091684297 -0.3775781313269054 0.33902103973656134
1305031461.41113 2.342848666494327 -1.3505242755202678 0.4686457373867759 0.7825571737638275 -0.3572194802124027 -0.376997299946601 0.34332426156699725
1305031461.447015 2.3414704887052054 -1.3583775708389243 0.4676692194800623 0.7832054123599091 -0.35750592315362933 -0.3761187318583016 0.3425105786768039
1305031461.478901 2.336992504262573 -1.35170413650315 0.44365115708658065 0.7834302282581342 -0.35542396981342406 -0.37981990422817563 0.3400701684734689
1305031461.51212 2.3410400537367653 -1.3485372342993647 0.4808303751870639 0.7762007216056223 -0.3597213666193548 -0.3746035702250756 0.35747047899238016
1305031461.547338 2.341956585838834 -1.3254034288503904 0.47528482404460254 0.7765558584826814 -0.35569228288536714 -0.37394211157502766 0.3614018480069395
1305031461.578847 2.3412986104237214 -1.2950248223185157 0.49811934943326236 0.7744358696877397 -0.35286258613602717 -0.3710436115477443 0.37156926322826483
1305031461.609662 2.3231238628952267 -1.3023972074355379 0.520140709672408 0.7734054021000544 -0.3561404946043512 -0.3680038867878296 0.3736056362188232
1305031461.64697 2.3193315815631546 -1.2946359449427305 0.5539581360378005 0.7756916218615737 -0.3577601328908053 -0.3612973981310491 0.3738641266442247
1305031461.676203 2.2981502583157334 -1.3195325277227477 0.5614374298766411 0.7756846210857941 -0.3608862199707014 -0.36233112803639766 0.3698522117036997
1305031461.711212 2.271379442780715 -1.3489387138994888 0.5514919453357118 0.7753702639993779 -0.3638643263603754 -0.36622758509591635 0.36370463514046486
1305031461.746919 2.2564909476454442 -1.3604626925112475 0.5704955975535594 0.7752943651522861 -0.3667447953701999 -0.3629051169373041 0.3643031409866043
1305031461.778616 2.2462322946844973 -1.3712554200854343 0.6116384555298883 0.7785284128557912 -0.37028708848895087 -0.35474537978065823 0.3618517624648183
1305031461.811319 2.2178021429762467 -1.3932538927438234 0.6375502969981705 0.7803814237626499 -0.37571080539934965 -0.35065966051042463 0.35620784191685806
1305031461.84709 2.159036358265452 -1.458194602958909 0.6408731435702777 0.7701333174219812 -0.3851777540156985 -0.3565545472515493 0.36249362207117325
1305031461.879162 2.106606885338587 -1.511219677417385 0.5978707223525439 0.7658179820878208 -0.3859683126540884 -0.3696160935068329 0.35768033683533956
1305031461.911121 2.087046098110964 -1.5609383118859985 0.666350740795448 0.7693005602968599 -0.39698354357416554 -0.3582300307232997 0.3496454763703084
1305031461.947264 2.0568969535119 -1.5812979953249944 0.7031669200113535 0.7722320143071825 -0.4020143453105524 -0.351672467773128 0.3440474642457896
1305031461.979223 2.0361869778816195 -1.6029688412973608 0.8471257844636936 0.7745702812412615 -0.4101557805431716 -0.3347040809097975 0.3461015650458439
1305031462.011791 2.0148003192265116 -1.6469912737649937 0.925480960908906 0.7752053091036621 -0.4179744810903067 -0.325701196267611 0.34390811657277215
1305031462.047463 1.9866379313744966 -1.6998463180494636 0.9087079920890728 0.7785332323299593 -0.42114461581850265 -0.3288791559939305 0.3291834131265903
1305031462.079285 1.945718253330128 -1.7623233139502168 0.9212503967973338 0.77356873128747 -0.4314825689908562 -0.3287535538783968 0.32762068225872004
1305031462.112081 1.907327530517004 -1.8135845509743056 0.9155415100852876 0.7737521389443553 -0.43739337741184653 -0.33023906870315006 0.31770555295331093
1305031462.147634 1.8869145992478182 -1.8454278330662466 0.8995803565590006 0.7750857908150925 -0.43806895359774234 -0.3337435745260049 0.3097625465302842
1305031462.179358 1.8848697467157844 -1.8525992993433826 0.8933878335656377 0.77712167571812 -0.43612157371147675 -0.33377702760600275 0.30736423005123387
1305031462.212836 1.8804003636174371 -1.8616828260266547 0.9009290440562582 0.7812855802884785 -0.4347564821486513 -0.3305353428676022 0.3022019695144648
1305031462.248986 1.8956809402953954 -1.8586628533049792 0.9068431107579408 0.7842270646092919 -0.4307390828297252 -0.3278199199945226 0.3032916974005148
1305031462.280774 1.9195742717112745 -1.845487764442574 0.9160505126672918 0.7873404344295818 -0.42600749048261033 -0.3232900493442003 0.3067510429647643
1305031462.311931 1.9396589852994184 -1.8356163172035451 0.918810538285966 0.7940849266996609 -0.4204402140215907 -0.3186145920029198 0.301900475959688
1305031462.347816 1.9662393762236468 -1.81987676255486 0.9316068463228845 0.801084127138708 -0.41397239208892783 -0.31250475756440377 0.29871701714866966
1305031462.37995 1.99886780069297 -1.8079017229066767 0.9241842593586549 0.8063443093459256 -0.4059582135493302 -0.3099134807094502 0.2982623310306414
1305031462.413016 2.0395367412671326 -1.7890532788729392 0.9046893876051847 0.8128357428179286 -0.3955778488951184 -0.30821317197200065 0.2963458474217163
1305031462.448295 2.0707569792828666 -1.7769748755573316 1.0123858803615022 0.821338654805558 -0.39571552950428057 -0.2868842767682171 0.2941248809171374
1305031462.480843 2.0899375070895374 -1.7871577307993203 1.0456560994684516 0.8313507073235092 -0.39186138014225785 -0.27746064315468216 0.2798504094795929
1305031462.517041 2.1151585163348847 -1.7860972389612033 1.0668134177597648 0.8381977279382326 -0.3874434688765765 -0.2707724692832483 0.2720191117960692
1305031462.548959 2.1599128267351206 -1.7662531803263621 1.0368194536508681 0.8432031920636814 -0.3763787739727729 -0.2734224899294694 0.2694207441848894
1305031462.581088 2.202370695259339 -1.735018002014836 0.9881766438369706 0.845369183016421 -0.3640779002369299 -0.28066592107752053 0.272075114097052
1305031462.617123 2.228164997919927 -1.7023291153231108 1.027643540668262 0.8511721962483985 -0.3584770704076457 -0.2713761196279108 0.27084143704634206
1305031462.648708 2.232590910202664 -1.6855515641555294 1.1160643059766873 0.8593350190507331 -0.3583793280742553 -0.254363946129501 0.2615464875534555
1305031462.680788 2.2700565606713115 -1.6392876751101417 1.1254761017421655 0.8607570915429902 -0.3501871109352786 -0.252871169077082 0.26929981162794203
1305031462.716812 2.3108090773443504 -1.6086137488465837 1.1128976974339064 0.8634892095180967 -0.34095669787745836 -0.25495957370287775 0.2704265722808299
1305031462.748732 2.3486715658756108 -1.5707602573253796 1.1140369069190141 0.8676651900867399 -0.3313243755774682 -0.25302697677921465 0.27084797411447076
1305031462.780885 2.391590567997456 -1.5229168766416503 1.0840089213200654 0.8677783908964599 -0.31930038076971795 -0.25769319951148034 0.2803607427208745
1305031462.816821 2.449441941028031 -1.4620426262420911 1.0465029467038944 0.8678722456383375 -0.3027979560202449 -0.2642969236685714 0.2919902382271713
1305031462.848525 2.4664052606229285 -1.4330795613605825 1.0720912478210085 0.8690689515849466 -0.2965405326243465 -0.2601542269043289 0.29850066687651056
1305031462.880471 2.4509826427815464 -1.436075661331136 1.143154795403753 0.8720029616603878 -0.2993516621714789 -0.25006114324444384 0.2957513175794264
1305031462.9168 2.4425213564720325 -1.4372273286256296 1.1512783002012266 0.8734640704655641 -0.2981158424646082 -0.249230648775764 0.29337952516860627
1305031462.947939 2.4374698436933153 -1.4384985207127106 1.1558818672884628 0.8740065405390971 -0.29731147413736786 -0.24937746258855345 0.2924539888495961
1305031462.979943 2.429165380392515 -1.427068648092858 1.1992599869423117 0.8737579457240912 -0.2992346903678004 -0.2444961809305332 0.29534263131977206
1305031463.016121 2.4466367403402907 -1.381346210541595 1.235868865323967 0.8735984669032184 -0.29475045308994446 -0.24046834329919559 0.30351748697325326
1305031463.050783 2.484384193700761 -1.322247940519671 1.2303634986131775 0.8700327269124064 -0.28609289713782826 -0.24361752509076617 0.31913070954907474
1305031463.07687 2.514036017446439 -1.2547455422894997 1.2437396546547212 0.8705837464040429 -0.27562981462323183 -0.23987043361891092 0.3295061772764503
1305031463.116806 2.5330280759038146 -1.1977352669919337 1.2558436573949032 0.8702786724984717 -0.2678884513862754 -0.23797854705465968 0.33796008780611103
1305031463.148565 2.5441507726588646 -1.149999031030954 1.2885167141453955 0.8714701193880614 -0.2625800024469499 -0.23297232547460178 0.3425134579716163
1305031463.180505 2.560577580658612 -1.128980259279307 1.2383561608221856 0.8696846311323163 -0.2538618842950503 -0.2429125126453994 0.3466933764505923
1305031463.217123 2.5509005378907323 -1.124688192791648 1.260855979672066 0.8729353424723032 -0.2526695615778307 -0.23930988225188163 0.3418665832915234
1305031463.248719 2.5540680329934435 -1.0774059221945682 1.2814556824361172 0.8701936799971949 -0.2494144682327555 -0.23650901039159067 0.35301398036437837
1305031463.278737 2.5620865417079712 -1.0610742914250442 1.2839789947859126 0.8765034564745211 -0.2407862878243703 -0.23800557755379476 0.342223610286113
1305031463.31711 2.5680959271168833 -1.041280813355788 1.2616833979682205 0.8761750796474649 -0.2357387519899327 -0.24069737379294762 0.3446871695670811
1305031463.34874 2.572071174605439 -1.007485713134251 1.2880643142135295 0.8781080398902904 -0.23214275687220057 -0.23636451433552125 0.34520693370026595
1305031463.380514 2.5842481565901743 -1.0397268731665843 1.1888270083249914 0.8826889680422084 -0.22115360049250243 -0.25881286664525155 0.323986374319432
1305031463.416326 2.5853277236630956 -1.0195482977390231 1.1717036049993275 0.8828122423264144 -0.2161714296672204 -0.26065426111949874 0.32553312266877915
1305031463.444773 2.578563019421899 -0.9983305854804907 1.1755392747714013 0.8812434108001147 -0.2139889290416009 -0.25995851390207064 0.33172331877460165
1305031463.480415 2.559489269304469 -0.9948358511781644 1.199314269043798 0.8831421062147807 -0.21362618890313156 -0.25673291978937524 0.3294117173715389
1305031463.516994 2.5337014670110007 -0.972350981375356 1.2745222607909314 0.8865955583480928 -0.21395448899653452 -0.24558652019391977 0.3284190214568989
1305031463.548505 2.5114240106391574 -0.9598813552325445 1.31874439092059 0.8850029674439267 -0.21766411395829524 -0.23975702852671807 0.33452750018829946
1305031463.580684 2.5019897937329225 -0.9628964463191821 1.3064140229351533 0.8842235707436079 -0.2169738989331463 -0.24277725309171685 0.3348584917609423
1305031463.616671 2.4963712109809912 -0.9409547494738048 1.3182832999785838 0.8846260624742723 -0.21280152360971674 -0.24377615860829518 0.33574607314878824
1305031463.646147 2.4887306833515064 -0.8861241389219467 1.343330173391214 0.8795314976778941 -0.2126214694726441 -0.24025066368979597 0.3514200818228615
1305031463.683908 2.488579288497915 -0.8401098625741573 1.350733688100142 0.8754482602617191 -0.2094458198081254 -0.23931896097833413 0.3639357458204432
1305031463.71611 2.4857132695409785 -0.7876052875407571 1.3490393955201379 0.8722545687488089 -0.20344975596666323 -0.23861506621202438 0.3752905731171058
1305031463.747849 2.4738005764650968 -0.7210714113518543 1.3827616984740665 0.8661293852444039 -0.20278713242055846 -0.23372319823196133 0.3925184499472874
1305031463.783912 2.470670710236128 -0.638841464113263 1.410992501360711 0.8629823404504275 -0.19737740667562587 -0.2267394134764275 0.4060700404869494
1305031463.815883 2.4700828920309785 -0.5574398837854091 1.4127552564628012 0.8621820726689013 -0.18713727429896398 -0.2225767122578683 0.4148268570099937
1305031463.848094 2.462684530987787 -0.48699329085121673 1.436084059558292 0.8613749182197453 -0.18099949873499532 -0.21703283859168193 0.4221009105562846
1305031463.883817 2.4483145649555214 -0.39366136925953715 1.492299757829872 0.8559538283098911 -0.17868198017684123 -0.20305207121605653 0.44066500897688016
1305031463.917433 2.441469481557134 -0.344488069607225 1.5134497412129766 0.8540787093057195 -0.1752253041607318 -0.1981501290947873 0.44786401667489933
1305031463.944435 2.445863139935073 -0.2983914996454093 1.5000989245136895 0.8535801072211667 -0.16800754253604389 -0.1997225930706516 0.45087176893706254
1305031463.983748 2.4501900639735372 -0.2491004017000718 1.4839450929334228 0.850696065052921 -0.16178090274029172 -0.20244720454086557 0.4573382487673666
1305031464.015867 2.45065368893879 -0.2003848379975911 1.4772449429854906 0.8482852789006462 -0.15492574929895764 -0.20301297826043582 0.4638920439740666
1305031464.047778 2.443949172548837 -0.14152457628959428 1.4874452251208263 0.849124809127182 -0.14762257833715553 -0.1995987134285598 0.46621345592709
1305031464.083152 2.436374474932811 -0.07716309236289663 1.4813870310683062 0.8420249559685058 -0.1429657912634029 -0.19867812103862634 0.48070964237804303
1305031464.115837 2.4317535044158247 -0.03440755417671967 1.5068603752607113 0.8401397833348107 -0.14093842220140845 -0.19414000953491486 0.48642693418775446
1305031464.147663 2.439045614405557 -0.010635117086072985 1.5015010804101754 0.8372100034552991 -0.13996885620517038 -0.19685355539854066 0.49064937290691407
1305031464.183566 2.456200399775075 0.03640964021413942 1.4877433597763063 0.8309995658613711 -0.13758694750040684 -0.19935603897545226 0.5007661361751121
1305031464.212447 2.482833898478059 0.08060312381911633 1.459783828734255 0.8243620054477546 -0.1328605526873382 -0.20439141002340855 0.5108811104576232
1305031464.247602 2.5206802978442484 0.08549603326379727 1.4033436593667923 0.8165049891271348 -0.12940738679390823 -0.21610587480182433 0.5194916571513035
1305031464.283694 2.5578475582825586 0.10866748765760095 1.3227933605542528 0.8122965739968798 -0.11735782719514148 -0.2292433647208208 0.5233057385510345
1305031464.315699 2.57892882633539 0.15033213943008827 1.2621774193556123 0.8077113853074921 -0.10596379136817596 -0.23573549391335058 0.529908265526178
1305031464.347553 2.5890223226562554 0.19852766091008034 1.218944613466546 0.8016908354889221 -0.09858789154226837 -0.23813741911251368 0.5393169768816435
1305031464.383465 2.585071768463947 0.2547957516831308 1.1758559483567415 0.7957866452307198 -0.08899593583745359 -0.24058517270989405 0.5485636821272465
1305031464.415539 2.568967046586875 0.31676541871835623 1.1561667284162802 0.7919475263670487 -0.07990057493417732 -0.23797491372549276 0.5565994556623687
1305031464.444269 2.554688717924518 0.3781246788313168 1.0957690215701292 0.7826265352471916 -0.0699982603183511 -0.2382073689848088 0.5708355273112525
1305031464.487561 2.538199298317384 0.4129715760554739 1.0353070985209658 0.7744000007885213 -0.06197710469812594 -0.24192325801971243 0.5813231584076995
1305031464.513688 2.523699592351727 0.4645031004382415 1.0753454833470186 0.7727747285229221 -0.0598291173463704 -0.23174050887811765 0.5878231300474568
1305031464.548007 2.4998697141040718 0.5169068409800115 1.0435573891364376 0.7698551403505587 -0.04790182315515297 -0.23063685174662965 0.5931569108007064
1305031464.58426 2.463893618787189 0.6071445600111077 1.0774405683162382 0.7667177704114623 -0.04135027886422804 -0.21813435623239513 0.6023714946809863
1305031464.615688 2.412299127558457 0.6780398737376464 1.1158408137997577 0.7601543776636831 -0.043478012979935234 -0.20602842075118621 0.6146765607608831
1305031464.648851 2.3589186702125127 0.76522056290902 1.1746780868618008 0.7519821042881918 -0.044367826060501825 -0.18791709919759428 0.6302710327074611
1305031464.684318 2.3062894796068116 0.8573125635956891 1.2043483036783587 0.743449533057886 -0.04278569309395046 -0.176359837014526 0.6436997624286429
1305031464.716305 2.2517883330698325 0.94192918499683 1.0561787060342802 0.7144398833101365 -0.03166372216736252 -0.17582225327562723 0.676505430198005
1305031464.748588 2.2095007173421513 1.0291668214476555 0.9743620090201034 0.6976872872857884 -0.017707173773312206 -0.17267652319597798 0.69505519456638
1305031464.784268 2.187979231200033 1.1102505197628045 0.9083726317267977 0.6869284764897373 -0.004458014721566092 -0.16676718073297378 0.7073175395270547
1305031464.816195 2.2006127449950834 1.1666210584979313 0.8829310909046298 0.6747125521568753 0.002227146242976916 -0.16341804182131794 0.7197586785783511
1305031464.848283 2.212340495293498 1.2736925551219334 0.9119963740572743 0.6592605360570702 0.00933563730892734 -0.1364961120393796 0.7393627004873276
1305031464.884177 2.1871638454718028 1.340344156705568 0.8117046512334459 0.6509470535161476 0.0333047587215048 -0.13447138551152826 0.7463753566696574
1305031464.916391 2.1349468745385605 1.4369718025447957 0.7517387009210171 0.6479480746540371 0.057696226175831956 -0.1276724583137154 0.7486883072583185
1305031464.952471 2.075150686807067 1.538397523810701 0.7020559325860115 0.6401201259528924 0.07421336912271523 -0.11431667020664497 0.756088816943072
1305031464.984257 2.002604040901604 1.6079833059128514 0.6468497712920729 0.6304230698912168 0.08878215402926924 -0.1063896040853133 0.7637838268891451
1305031465.01539 1.9241468116636802 1.6801197560466343 0.5844957810426811 0.6205748779989624 0.10364776827181381 -0.09327943042671638 0.7716494727453086
1305031465.04843 1.8726249294290513 1.7173351903477154 0.4802921147917204 0.6038102504553275 0.1178461513984559 -0.08592903234375067 0.7836719131410245
1305031465.083338 1.8238237539621782 1.7155592189108093 0.42954435816570447 0.5858897702219764 0.13632620570885381 -0.07680053022435872 0.7951415102631257
1305031465.115475 1.781602538213238 1.7119940202093056 0.4080999987706316 0.5906792710527853 0.1586380706663867 -0.08044624564400593 0.7870580428695084
1305031465.151558 1.7641688599101757 1.7034070447436258 0.4171492854918776 0.5984814819031272 0.1739776826892972 -0.08391742611628208 0.7775021204724251
1305031465.183558 1.734395648936761 1.7077650263635953 0.39898116526533617 0.6039289273065757 0.19009817518819405 -0.08619398001724067 0.7692224206048827
1305031465.215832 1.7118383383728248 1.7035964328024604 0.37673952401978117 0.6082653815625099 0.20307662511704722 -0.08601964286548441 0.7624786757444295
1305031465.251788 1.7114710591412838 1.6648583920825775 0.33227743286757094 0.6089347665917655 0.21103715400469542 -0.09203108608097554 0.7590731511917586
1305031465.283737 1.7405459221943622 1.6181254459095602 0.29559143959824896 0.609849131947531 0.21148218500572946 -0.0994558835084282 0.7572766000105928
1305031465.315985 1.7754740466404084 1.546127078684496 0.23677443278471294 0.6119326101350534 0.2138974026080644 -0.11646102638198977 0.7524780469521205
1305031465.351729 1.8024418487140823 1.5048892002713388 0.1852777714163303 0.6113556498106737 0.21759191400547911 -0.12682764431459842 0.7502084890492848
1305031465.383701 1.816466536971969 1.4520624765984846 0.0973981027222736 0.6051481824549642 0.22353964276975663 -0.14455641697425745 0.7502860439148443
1305031465.416543 1.8282079959130892 1.398099201245351 0.03902320809192056 0.6024940413970494 0.22596272718910398 -0.16147696997897937 0.74824258377128
1305031465.452401 1.8510887117310153 1.3321801958847395 -0.002629328098585952 0.5993266241531537 0.22311804255767786 -0.1763213042517618 0.748289205009248
1305031465.483803 1.8745147937297961 1.2639096233104627 -0.04316871116466963 0.5925520066152947 0.2173722584438927 -0.18193069511936769 0.7540110363174886
1305031465.516043 1.8709081374544054 1.234285094933236 -0.07496802104488708 0.5903376092189867 0.21964490383767943 -0.18840107823506363 0.753500270125773
1305031465.551838 1.8616825877432164 1.1983609636852368 -0.12195730125877141 0.5839794872320788 0.2214567334461581 -0.19900357944030966 0.7551969604503582
1305031465.58357 1.8251720253815684 1.0930598519893162 -0.21742179615467688 0.5716162207078092 0.22487693629698627 -0.2281781579940598 0.7553939289932374
1305031465.615685 1.8333954418499119 1.040269842765251 -0.22947562316811668 0.5683968605399807 0.21938455206156202 -0.23663219277521438 0.7568359350529249
1305031465.651645 1.8441571481135453 0.992766145135759 -0.25394585480912435 0.5630395096535552 0.21597317829696663 -0.24418638151727332 0.7594176110065471
1305031465.684759 1.8191005026456708 0.9400711030225126 -0.30144805986488843 0.5557724298620519 0.21797343634078825 -0.2580658706214746 0.7596095007801043
1305031465.716279 1.7959984052476197 0.8468938170963233 -0.3629627329010183 0.5414765184083762 0.21419684408305234 -0.2750682967374143 0.7650230873164429
1305031465.753153 1.7847394664118272 0.7728190014629706 -0.3908059537807492 0.5321647778129507 0.20933394568160052 -0.28795598956108825 0.7681544743842608
1305031465.784387 1.7641847739298298 0.709209650735442 -0.42004960151550824 0.5208000451356609 0.2060226165094029 -0.29550368801379884 0.7739506217088765
1305031465.816591 1.7581263553654674 0.6534987308681532 -0.42715686324814156 0.5067127949518448 0.19904886898392116 -0.29913507158239416 0.7836707855583921
1305031465.85286 1.710329837553222 0.5910622444012527 -0.4530651717316698 0.49537841533811233 0.19998574509182737 -0.3137364907256043 0.7849683699133043
1305031465.88437 1.688131440640307 0.5558018074142931 -0.4379217999008227 0.4866782619005641 0.1948947557635275 -0.30969075521889583 0.793254019656548
1305031465.912828 1.6476523830444993 0.5061970244312738 -0.4462750111770705 0.481876725401592 0.1905924294759835 -0.31848049824630775 0.7937502879240199
1305031465.95284 1.6154439740600481 0.47925933797451115 -0.43200559928884585 0.4752581495726211 0.18503552523906697 -0.3206198633703963 0.7981819647653404
1305031465.984183 1.6082001359337643 0.46866108614306956 -0.4020854412937168 0.46506723568371733 0.178498517734255 -0.3098074949269699 0.809858050245384
1305031466.016599 1.6007663997562813 0.45948119991834147 -0.3647036492341676 0.45943550951041784 0.175184621677055 -0.30411152524219887 0.815932314070005
1305031466.052655 1.5808084092798653 0.4338718612274258 -0.3403199639139777 0.46008104400728683 0.17373659133045594 -0.3046720681146635 0.815669026437055
1305031466.083913 1.5721664666775097 0.42158213028430935 -0.3212636733133829 0.46433484429609884 0.17574728619123925 -0.30494012067924386 0.812722318242252
1305031466.1164 1.5611566748222614 0.40844048188780946 -0.31252806713832076 0.46408062692873364 0.17928252538111153 -0.30282419998660226 0.8128864937399802
1305031466.15254 1.5618387314793931 0.39192415802124886 -0.28359341570005203 0.4663622727697578 0.18045535850546515 -0.3022112873111076 0.8115481698244739
1305031466.184186 1.5509458275987122 0.35117267491368365 -0.2874765760729939 0.46668888282384274 0.18493021424413772 -0.3088097220423145 0.8078606674918635
1305031466.220477 1.5283389705171673 0.3570808355428338 -0.27943403937244554 0.46767604977206 0.19701005176575284 -0.3051898427991159 0.8058072423508664
1305031466.252491 1.4959859621871292 0.3763248979243554 -0.2694298005980278 0.4675511355547052 0.2060088415504887 -0.3010282243239024 0.8051945733826884
1305031466.284389 1.4708671531004924 0.39488078719759223 -0.24140315860436018 0.464793947835636 0.20840918257671948 -0.2929759520669572 0.8091336664504375
1305031466.320055 1.445471782377192 0.41749643470332654 -0.19743429441830881 0.465504873810166 0.2075211895066742 -0.2813252211698204 0.8130782793178454
1305031466.352082 1.4226201792592397 0.3980179440735919 -0.1876061168279517 0.4611334222170059 0.20496205008538204 -0.2751623182257435 0.8183105911375366
1305031466.384479 1.4221523112055265 0.4246869683815533 -0.13060719493534947 0.4658210880464044 0.20201298905019358 -0.26637211958115287 0.8192968693313276
1305031466.420844 1.4021806222617474 0.35978596794456136 -0.1728632634500314 0.4393249408003498 0.20012788433857437 -0.27122131518769976 0.8326952770904792
1305031466.452369 1.3858750066422794 0.3616074991837113 -0.16690925716790195 0.43640509793354176 0.2057478113286508 -0.2689983290934815 0.8335816262226519
1305031466.483315 1.3649971728805093 0.3592168134196478 -0.16254943944776126 0.43756725879921704 0.2111963856670287 -0.26884627206213957 0.8316565773842066
1305031466.519548 1.3162681465028494 0.3119276329396 -0.21612840001505046 0.42486580307369126 0.21580991151269652 -0.2754643509894467 0.834885934008588
1305031466.552219 1.3005249053702452 0.2973964336187241 -0.19874034658842124 0.42305967672326616 0.21326228989852186 -0.2722165470734387 0.8375188697202343
1305031466.584438 1.2869172104651547 0.29907698602569827 -0.16693165342997476 0.4297354973408182 0.21514286355035583 -0.2670630315525868 0.8352953296688153
1305031466.620424 1.2516824170965362 0.2802125384546116 -0.17399889566469703 0.42715557127618076 0.21907970069357607 -0.26850856085925295 0.8351319389276317
1305031466.648654 1.2323010451299288 0.28741336075310714 -0.15557166445079523 0.42224127420758006 0.21724363224599147 -0.2640031707461666 0.8395354884935466
1305031466.684412 1.2195621903618539 0.28763679335267617 -0.14605861047499835 0.4177562430182043 0.21926803662995215 -0.25754790550207746 0.8432498597113752
1305031466.719744 1.205232828818336 0.30891337388876233 -0.13519207677082126 0.42070263752697196 0.22487026536527815 -0.2468224127678428 0.8435172500238861
1305031466.748734 1.1767006988331878 0.33358301306000304 -0.1294222823738215 0.4191271473151269 0.23026110786035067 -0.24078213324782843 0.8445923400665156
1305031466.7843 1.1671606555324117 0.3341248208494461 -0.11053049632948683 0.4108778251530927 0.22882850689946677 -0.23574640896361956 0.8504355107169403
1305031466.819502 1.1472435116347464 0.32840376812997585 -0.11899106745478123 0.40818661808420215 0.2348277540663644 -0.23474977004739606 0.850371775284095
1305031466.851527 1.137313450691333 0.3338047943654294 -0.11635273185335449 0.4110587180260844 0.23914752667927414 -0.2359242268176975 0.8474543940640167
1305031466.88343 1.1474705316781857 0.32814052858692316 -0.0989551293821484 0.40048767976230004 0.23871366422461254 -0.23254762459492107 0.8535496512601525
1305031466.919411 1.1532013554968354 0.3207717873582026 -0.0970253793301828 0.3910240707865111 0.2431035341853725 -0.23092339938256934 0.8571319801230879
1305031466.952451 1.1329644464508801 0.32259914534027434 -0.10928975695675527 0.38656405722022547 0.25252761551079295 -0.23369569139634241 0.8556777178895434
1305031466.984027 1.1102435143081175 0.3234388672293621 -0.11870651887800625 0.3829856908827341 0.2590847565003583 -0.23451017125376608 0.8551035195265859
1305031467.020424 1.0945353088333982 0.32821544281068676 -0.12134706249554465 0.3801421534983446 0.26387918665139415 -0.23265712677181705 0.8554124030829354
1305031467.052391 1.0745813806974485 0.3304101820233418 -0.11591296733713156 0.37839374378854257 0.2678362764180206 -0.23169211561577874 0.8552196602380613
1305031467.08413 1.0621845909581469 0.3408193404092887 -0.10008633117122193 0.37887315222437185 0.27056082686469196 -0.22547947411578975 0.8558101309533143
1305031467.120528 1.051966268984716 0.36824374240982527 -0.07852691060437636 0.37496762650759674 0.2743532826477549 -0.21266348755036796 0.8595951351854982
1305031467.152363 1.0322390050534846 0.380823281540649 -0.08244297030291262 0.3698947726922351 0.28021834229380543 -0.20707584754519598 0.8612636827014768
1305031467.184216 1.0150824129342906 0.3866102398455994 -0.08637297130925684 0.36644310626053395 0.28637511801408716 -0.20557808106395112 0.8610728158771547
1305031467.220466 0.9935601717923734 0.3929866589630107 -0.10058806687314159 0.361777210869794 0.2958683330549131 -0.20459627936343708 0.8600694981576884
1305031467.252275 0.9736199675104688 0.3968042532567233 -0.10845790097080332 0.3575095135036332 0.3030860009619183 -0.20452487430293997 0.8593575504798188
1305031467.284258 0.9522975909717581 0.39330576749163615 -0.12363987002579803 0.3487776173307 0.31018351189271665 -0.20338596259115557 0.860682585405264
1305031467.318028 0.9359423304699408 0.3951190432681827 -0.12838499805735504 0.3436864036201626 0.3167264179694594 -0.2018779347755461 0.8607028125768118
1305031467.349355 0.9186978754465476 0.3868139912174281 -0.13260267361433103 0.34130260005808727 0.32406906785705913 -0.20336061323323423 0.8585663838266956
1305031467.383844 0.9004873754226351 0.3923068123018292 -0.13608418207878348 0.3437089845044053 0.3342214657735026 -0.20211086958907576 0.8539972729354056
1305031467.42016 0.8896057036808697 0.4010681824858789 -0.12155065416765587 0.34410887534084217 0.3396856620739234 -0.1992829199933529 0.8523432704562076
1305031467.452057 0.8775613855476516 0.3981596217624813 -0.12159415057405973 0.341099970836624 0.3451547022930313 -0.20041932109683516 0.8510882075973951
1305031467.520535 0.8353159594358699 0.4095294337196186 -0.11759418279404693 0.34305225183336946 0.36374093237665556 -0.19431572323223842 0.8439485092886578
1305031467.552164 0.8185229191932661 0.4150208517590799 -0.11134187515281914 0.3426853789512713 0.36664948215414694 -0.19222231058575256 0.8433181319064555
1305031467.584354 0.8112457293964305 0.4121772592859803 -0.09496785131195533 0.34343170148621033 0.3665779851687468 -0.19303383668298393 0.8428601219059754
1305031467.61868 0.8005022928242129 0.4111131833437823 -0.10113344615303474 0.34275794913744023 0.3693253618545669 -0.19728624842868184 0.8409482157511396
1305031467.651977 0.792243885659555 0.40658845402311855 -0.10414159299454442 0.33708801743760874 0.3701525486324578 -0.20396940317501364 0.8412819038879341
1305031467.686044 0.7754854216146541 0.39917155870677873 -0.1113670401375429 0.32994559740952806 0.3735154868691558 -0.2061253286511554 0.8421012009891806
1305031467.718326 0.753882654829105 0.414918899283861 -0.11785015035036343 0.32613281188166593 0.3777746135222587 -0.2032589592177949 0.8423832416958239
1305031467.75258 0.7392780528187367 0.4206335905430527 -0.1263731712953891 0.3195741197439926 0.3788792657174672 -0.20329472648206443 0.8443898022737056
1305031467.788562 0.7209021280059441 0.41824653885311025 -0.14102340457589826 0.31203518030743566 0.3817506532039911 -0.20374903764653587 0.845805423656613
1305031467.820454 0.7031895157437543 0.4215801665107838 -0.15992833671498377 0.30649369365610357 0.3838695669406396 -0.20581204200330733 0.8463729524815128
1305031467.852678 0.6859966769145571 0.4063576238308622 -0.1836937569408002 0.2934761083376146 0.38493840137766455 -0.21213306913764476 0.8489368421490847
1305031467.888472 0.6838288861344919 0.39869601633533447 -0.18783712856193224 0.2841844901274034 0.3853776270962705 -0.21462963792941328 0.8512681003226684
1305031467.9208 0.6574076645615788 0.40446775626657216 -0.2138430153698246 0.27785210116649683 0.39375632419259754 -0.21638981849701827 0.8490757407243033
1305031467.952485 0.6355721208644683 0.4099080629803632 -0.23596685357866212 0.2699135577381516 0.3977006871307687 -0.2186688559486365 0.8492142051584879
1305031467.988523 0.6434435954720655 0.36623002367911056 -0.26086423455773405 0.25079185446888763 0.3914252033511658 -0.21634761670753172 0.8585356513613898
1305031468.020491 0.6201641881885538 0.3712388796325554 -0.2782159871886604 0.2514951806958796 0.39493400126558426 -0.21583598855836097 0.856850123868893
1305031468.052668 0.6302028838554595 0.36229755723362256 -0.2854675962511116 0.23767868157195057 0.388658024896508 -0.20981953086374938 0.8651182280346894
1305031468.088379 0.6124581534749806 0.35162441713037296 -0.30364184171301206 0.22887431118353563 0.39069747132081334 -0.20992042496248856 0.8665480083453845
1305031468.120522 0.5973673741858148 0.35905603050019447 -0.3183955804317316 0.22932268672249984 0.3931243119224761 -0.20926609616492664 0.8654895041106769
1305031468.152356 0.5742492098557394 0.35565897620303893 -0.3416551211179073 0.2240216212944072 0.39604210833970666 -0.21037385770074313 0.8652790310706556
1305031468.188327 0.5513665500242442 0.3614745413328373 -0.3597210292152163 0.22215544277491076 0.3990902964517291 -0.20814602224527803 0.8648983338792038
1305031468.220648 0.5299926721784454 0.3770833455249439 -0.3659286398892403 0.22468483708618173 0.4006875621658608 -0.20723711672692516 0.8637239020426877
1305031468.252517 0.5148923783284323 0.3852232882149676 -0.3720094288188306 0.2261702654478972 0.3993021337450059 -0.2081618178140042 0.8637554483870319
1305031468.288361 0.5023979492035862 0.4008736358153243 -0.3727915439585776 0.22783438840600492 0.3976686594856535 -0.20507678621716305 0.8648090196554296
1305031468.320522 0.48471684995388054 0.4149218916278267 -0.3876340849023758 0.22861978023799495 0.39659090601605756 -0.20650071375549048 0.8647578300124067
1305031468.352594 0.5123382506533716 0.37720629281980517 -0.39820660928588375 0.21550656732989207 0.3818974497918007 -0.2068185076915514 0.8746069758219662
1305031468.3847 0.5459555062243019 0.3441471768825232 -0.40201136161042034 0.20266808072198034 0.3690005473276221 -0.20024181719331874 0.884684949445565
1305031468.420595 0.538108322835324 0.35945252225854724 -0.41062849144070107 0.2066273581572726 0.36946427128773773 -0.19933677713816003 0.8837794613946053
1305031468.452605 0.5347485863602243 0.3415263401524291 -0.42912110631495437 0.19965893450732594 0.3668392264051887 -0.2019540512762274 0.8858780124909755
1305031468.488646 0.5536440169989959 0.3246760641632726 -0.4318008694043168 0.19595778424267865 0.35852741356193113 -0.20161909702500397 0.8901732304636631
1305031468.520786 0.5486696217747778 0.35124552357080696 -0.43496768056458546 0.19678478448637352 0.35793639474434413 -0.195538089322732 0.8915840630787923
1305031468.552701 0.5353762520189456 0.37993795625632765 -0.4369952434126192 0.19104327159653237 0.35903283923529833 -0.18807331180277947 0.89399458505959
1305031468.588614 0.5273367745220472 0.39358936794828375 -0.43332039970184505 0.1857264277137759 0.36004823018239845 -0.18239811014595655 0.8958805140231513
1305031468.62059 0.521659432089466 0.4124611335787627 -0.4383323558864175 0.19050651443123343 0.3628000549455536 -0.18058409610667228 0.8941324131939864
1305031468.656644 0.5377043173846094 0.43161936920045324 -0.4374323110073484 0.19138344561006163 0.36118863230878784 -0.17912585675538356 0.8948905386017765
1305031468.688643 0.5712897062099354 0.3479819971609514 -0.49225303642344437 0.15890908404348483 0.3533031984778523 -0.18046792584715649 0.9040774749401764
1305031468.72056 0.5820382043879984 0.3435679907211767 -0.5028225025174928 0.14941731826834678 0.3522057439479576 -0.18059971298359934 0.9060956476011806
1305031468.756725 0.5742235520130164 0.3461427484334086 -0.5210982152119418 0.14578369649386108 0.3557906577543416 -0.1831773287277943 0.9047685825289628
1305031468.788562 0.56977497306727 0.3436709876547743 -0.5417043126421315 0.13896002221955062 0.3565157651318544 -0.1841593848813168 0.9053573561844657
1305031468.817997 0.5617634775144836 0.3189228810904115 -0.5631057161244373 0.12097104191064911 0.35563392379621683 -0.1824674940336655 0.9086232073227235
1305031468.854887 0.5599469349319908 0.3034277712815218 -0.5749121039772218 0.11356566113561023 0.35481250615455756 -0.1811481453519652 0.9101627741908022
1305031468.88922 0.5839666806519819 0.3090406723378572 -0.5797535584906881 0.115105992172326 0.34698101027042744 -0.176415108143655 0.9139105528969453
1305031468.920539 0.587824957544037 0.3148492861139676 -0.5769728069654765 0.12020736486282609 0.34261020327333125 -0.17768004334765367 0.9146574442061455
1305031468.956482 0.6079991331941234 0.29605860968595726 -0.5742272197564312 0.12610327647448125 0.3355539498324397 -0.18253135992717567 0.9155237916391823
1305031468.986011 0.5992572576595864 0.26466292453204726 -0.554396201538302 0.12817370222414065 0.3369303215475688 -0.18108571159485912 0.9150177187006777
1305031469.020731 0.5938932115745306 0.2967176055752572 -0.5603932742595139 0.14613180984715382 0.34225745944427494 -0.17315925958233805 0.9118778407365989
1305031469.056318 0.6041810492909554 0.3049325439987239 -0.5615849186517565 0.15426133394329153 0.3429276548654191 -0.167138718874956 0.9114102879775818
1305031469.088069 0.5865141014742236 0.32528313642598655 -0.5628237720275627 0.16033036545547968 0.34927590649523 -0.15601601882069632 0.9099228082239657
1305031469.119984 0.5950021912476147 0.3289626115724904 -0.5732396028550022 0.16660698424882447 0.34622256746437163 -0.14568629766173086 0.9116729398482266
1305031469.155046 0.5856778545496811 0.3532773349825803 -0.5721706172737684 0.17728737341069215 0.34559292167514616 -0.13659770621849435 0.9113044421997624
1305031469.184648 0.6085246687729033 0.3341791255479561 -0.5776580270435565 0.1799274194147959 0.33571092907819805 -0.13351140184085158 0.9149311457255546
1305031469.219541 0.6174695557577619 0.3485520048476902 -0.5738885528517904 0.18667190617889665 0.33134014618038954 -0.12904179739210167 0.9158141304317766
1305031469.256002 0.6136523508324919 0.35924726740837554 -0.5819016273134737 0.19091884580214605 0.33182119067973936 -0.12412706164636395 0.9154436980505662
1305031469.288263 0.6410655437546543 0.35382123443946223 -0.5824206265646779 0.19220284849011215 0.3228316187643963 -0.11904825548023103 0.9190567576735182
1305031469.319772 0.6380615755086525 0.3608641472163378 -0.5815099552242531 0.19866446411534291 0.32249753615194093 -0.11748600485538678 0.9180004403794211
1305031469.356116 0.6221296421587108 0.36993081021861396 -0.5845987737596093 0.2042083147955636 0.3248649921427529 -0.11146689329852424 0.916698877902019
1305031469.388556 0.6252019009385676 0.38551709279103763 -0.567036881361754 0.2092951253720706 0.3170807504385396 -0.10194249585276077 0.9193818987429172
1305031469.420278 0.6253691416373007 0.36869375634151097 -0.5719324037881872 0.20858776389992828 0.30985870363668827 -0.09976593442469503 0.9222393869599076
1305031469.456563 0.6292748433190691 0.3846901271515237 -0.5698284928307096 0.21246174834934262 0.3042594897241494 -0.0895909948921425 0.9242616631860141
1305031469.48852 0.6318951254803565 0.3871009723964856 -0.567972821653883 0.21477698107227175 0.30077686310490637 -0.08524103754767261 0.9252773057521998
1305031469.520417 0.6290886646060955 0.3806631155815543 -0.5792007930560686 0.21637634225601876 0.30250533432569543 -0.0849149699569028 0.9243707314133349
1305031469.556139 0.6336430498092445 0.378023536640876 -0.5874756520838188 0.22000851513351405 0.30355376030351816 -0.08264728503980857 0.9233746770135561
1305031469.5885 0.6314425203199395 0.37964107884053955 -0.5897356700535856 0.22755187830880874 0.3061442706249874 -0.08171787596407362 0.9207703388953989
1305031469.620563 0.6150071119963513 0.3775462700319101 -0.6057319782377353 0.23489044454479704 0.31230891088013496 -0.08189609974151535 0.9168329466666975
1305031469.656279 0.5974069216613753 0.3645232575289186 -0.6281357609428796 0.2368415761648277 0.31736391031785405 -0.08347901560519705 0.914449271518715
1305031469.687925 0.6016508538876625 0.3586356342751173 -0.6309409597538554 0.2414773033094436 0.3157016932392172 -0.0829258294446493 0.9138623855281534
1305031469.718943 0.5879952532066512 0.3825711990041917 -0.6338750655621278 0.25203418473641276 0.3197461968468017 -0.07812852446763519 0.9100203695471702
1305031469.756754 0.6070376893851315 0.3853717162910516 -0.6263181088253572 0.2607272824320802 0.3147648303232016 -0.07602013794804499 0.9094862969905311
1305031469.784733 0.6368392986922358 0.377696996220676 -0.6274396531602405 0.2684368487052402 0.3086902625539028 -0.07723259728526391 0.9092233531856597
1305031469.820544 0.6732763696160355 0.44088811403528144 -0.5743193231257394 0.2896113283198243 0.300999521639861 -0.061961846871485496 0.9064685852326468
1305031469.854359 0.7163514565199345 0.4262182090951132 -0.5637790621283633 0.2955878743504916 0.2925712590563571 -0.06328161830220479 0.9072074204371291
1305031469.885343 0.7238142610839219 0.42672437952772146 -0.5788693786124142 0.3005960370686697 0.2953116851636511 -0.0635097745222012 0.9046543757947313
1305031469.921773 0.7476049799079644 0.4004200415265124 -0.5783474395132174 0.30043389732276254 0.2918341433654208 -0.068059592437686 0.9055054930716008
1305031469.95318 0.7852664210708383 0.42696746964045634 -0.5672265339661968 0.3101067612659843 0.2866142370854455 -0.0611750965248789 0.9044023901351774
1305031469.985327 0.8242749672924173 0.40174168295378804 -0.5617362206799428 0.3105634409833316 0.2787468012169928 -0.06499667222018408 0.9064358788884015
1305031470.024714 0.8045136328171171 0.38143390864773635 -0.5755433653845027 0.3054128252359368 0.2891849206507577 -0.06831486616262245 0.9046701978681518
1305031470.0574 0.8216936587193191 0.35385322511408557 -0.5658304646761751 0.30284079534407354 0.2861678645353444 -0.07174604092364516 0.9062272957676966
1305031470.088874 0.8391299399959998 0.34812342200914265 -0.5729999284491827 0.30522647354526306 0.28598850058961256 -0.07291582797106304 0.9053897831370323
1305031470.12482 0.9027040595605437 0.21371854731807338 -0.521422998598902 0.28943482390291664 0.2615030847047649 -0.09746198311432122 0.9156116978553757
1305031470.156744 0.9125017987534101 0.19735708765448065 -0.5309388159184469 0.2910494347002645 0.26349664226569425 -0.1023934844661281 0.913988687246317
1305031470.188876 0.930259483039524 0.18424831952181073 -0.5340047029711504 0.2931740238915693 0.2633533731326038 -0.10682481094768183 0.9128430600825626
1305031470.224776 1.0579377238172878 0.16269089795821715 -0.42191442504160026 0.3066104112758712 0.2185704762561046 -0.10194316136040169 0.9207739106090419
1305031470.253015 1.0712997111538483 0.14248026712252387 -0.42679228892799315 0.30935203148217416 0.21872840450253536 -0.10806642894039693 0.9191196073513486
1305031470.287867 1.0841618318082389 0.1258345080573148 -0.42790097038539043 0.31269277621611785 0.21954503459773222 -0.11214590971308022 0.9173039302327027
1305031470.324266 1.0851427871317556 0.12194244711963978 -0.4376329808827212 0.315787025260129 0.2254303750363153 -0.11320864461330914 0.9146821871410651
1305031470.356871 1.1033801041547269 0.09951486890295895 -0.4324019129644169 0.32096508451941896 0.22380715870284862 -0.11982832235393472 0.9124324322351994
1305031470.388056 1.1209675831637484 0.08027570907291492 -0.4381703976450428 0.32381699864414537 0.22340582161285968 -0.12598479154488024 0.9106921667380112
1305031470.42409 1.1283451920180347 0.0640495263419444 -0.441228473344029 0.32132505717123233 0.22611254709229855 -0.12951215563972593 0.9104119535808439
1305031470.455875 1.137852719176193 0.0654076840145942 -0.44873906732541985 0.32067186903724626 0.22918943080454782 -0.12961366676916525 0.9098582607210303
1305031470.487958 1.1493717101145988 0.05721771179624612 -0.4551073121721576 0.3192380984687238 0.2305426280562924 -0.13256557737818786 0.9095952401092252
1305031470.524431 1.15543057205401 0.056021376766922905 -0.46305821679438874 0.31921721087276556 0.23390023451161285 -0.13389180882255836 0.9085505137900964
1305031470.556484 1.2092517627454369 0.05448699214467133 -0.42249400959725414 0.3268257248661247 0.2168981777354037 -0.13054137264332213 0.9105487774354488
1305031470.588797 1.2214256644045627 0.05256642605016547 -0.42138064405063447 0.3286744491048345 0.21659569754411032 -0.13183329480070025 0.9097688677312527
1305031470.624535 1.3066748257769483 0.04183925827650459 -0.3335059630965857 0.33739989151075017 0.18229421545521374 -0.12448689616272492 0.9151137333161781
1305031470.656787 1.3168381220176335 0.03058851811170097 -0.33398510026818645 0.3391364441665539 0.18182718263705963 -0.12849194808539258 0.9140104852623716
1305031470.68864 1.3248478059383468 0.01723902087272098 -0.3443820339678887 0.33941082242606413 0.18342601362323002 -0.1330623228937698 0.912934613963381
1305031470.724461 1.3461673655505744 -0.004440155647679578 -0.3303476823036306 0.33792881995396495 0.17643352706053478 -0.13724701062332173 0.9142420802218972
1305031470.755944 1.356924972465482 -0.013070697248743494 -0.3162154895298852 0.34158827452215934 0.17247064240232182 -0.13981486223427989 0.9132486695948226
1305031470.788407 1.3705343966321666 -0.03435176729483126 -0.3089789272829791 0.34296417308412114 0.16587480607724472 -0.14421977384129386 0.9132698295261523
1305031470.820633 1.372781279214271 -0.06366778996031378 -0.29990448767007294 0.33605706399939245 0.1650056756855203 -0.15198076843884983 0.9147352746846542
1305031470.855509 1.3801088415066474 -0.07438925628077493 -0.3008116133399098 0.3325697350605036 0.16370846169419198 -0.1565555274344405 0.9154710687516192
1305031470.886079 1.488506676982799 -0.05677855588614866 -0.12780790921091315 0.3594600227877206 0.10818535603622542 -0.1393182267813309 0.916337739287907
1305031470.92441 1.5078371900058347 0.021333281440864882 -0.06661439653652695 0.42065593463482726 0.10999398017892177 -0.13551037340345504 0.8902734679192429
1305031470.956439 1.51641629952246 0.02415269701826264 -0.07125423463432712 0.41359849605344484 0.11082441222779645 -0.13827474604714568 0.8930477749383228
1305031470.988276 1.5196003918076346 0.027069461730493377 -0.0762587125300102 0.4057977071313752 0.11226653916483956 -0.13991329222003188 0.8961856480278069
1305031471.024309 1.5243260637409488 0.029651213552925368 -0.06955394878283243 0.40101056654447276 0.1106295437855201 -0.1415834165258705 0.8982793361345627
1305031471.056616 1.5328952291330042 0.0261234434726672 -0.05308816351448206 0.3956033289276709 0.10466340345175901 -0.14351385720713877 0.9010812121605734
1305031471.08844 1.545082215477789 0.0017721237972228906 -0.03564030364379025 0.3811971209836132 0.09596909112665494 -0.14752251197690724 0.907587900405328
1305031471.123837 1.5491972981060094 -0.011587073781862509 -0.03712616520657038 0.37499466952473254 0.09490132964245755 -0.153457873053733 0.909298310048993
1305031471.155886 1.5543957874426477 -0.03533991466798986 -0.028722227765822124 0.3688172624484407 0.09059639137396754 -0.1605548321140802 0.9110369183929223
1305031471.192698 1.560849452166902 -0.05459852373716112 -0.015128617084880697 0.3658923216874812 0.08431740467421545 -0.1650180321439277 0.9120210706263836
1305031471.224404 1.5634718545459683 -0.07680141495534944 -0.013693408542809258 0.3606587636286739 0.08099881361932508 -0.1701770226693276 0.9134572947683439
1305031471.256397 1.5691896627512747 -0.08171906989239638 -0.009095560973514643 0.36252277588191645 0.0785505352123715 -0.17212900820460567 0.9125670687238383
1305031471.288603 1.5730415145605052 -0.09610752776139733 -0.0038418109676642024 0.3599106955011819 0.07462893989412961 -0.17592235012170368 0.9132065151551376
1305031471.32444 1.5738670403859192 -0.10610667190094789 0.005819445705695513 0.35563267896798484 0.0704417374874043 -0.17825123994978476 0.9147621847924049
1305031471.356569 1.5831539185088717 -0.11961301006581282 0.053082680399106096 0.3540848690528483 0.05653339595143953 -0.17627127381676508 0.9167095061561433
1305031471.392751 1.57638457657828 -0.13915781047950374 0.05017110371296523 0.34744053519000623 0.05492200203415044 -0.1815084563920712 0.9183263736045101
1305031471.424494 1.57616903256461 -0.1592003689308762 0.05557635207616048 0.3429219910055745 0.05222010251504321 -0.18807031754405992 0.9188618637406645
1305031471.456975 1.576505875217505 -0.17278223359515343 0.05218435206828423 0.34407329933143055 0.053068733113548414 -0.19403106763762729 0.9171418750903859
1305031471.492705 1.5778534076101778 -0.18342946111583688 0.04969167534142593 0.3449514540976157 0.05286760047125434 -0.19791507290740903 0.915992977621776
1305031471.524343 1.576299727084039 -0.19861908039824416 0.04160295939702964 0.3420683034187809 0.053606411872255684 -0.20292483581495993 0.9159351174683993
1305031471.556561 1.5825959521168869 -0.20729574106674825 0.06513326722051317 0.3429185474642726 0.047607560066776584 -0.20339069137023733 0.9158453017259076
1305031471.592606 1.5800553789860916 -0.213809040481592 0.07063199950934848 0.34510978644862683 0.046058005411278476 -0.2055870051891272 0.9146102332317759
1305031471.624486 1.5807870347449742 -0.2181931783528014 0.08526292048794121 0.3465074103493216 0.04194872584542721 -0.20584288783514396 0.9142218683124137
1305031471.656831 1.5754989604720933 -0.22443552986229298 0.08905891390570386 0.3491873428092102 0.04101219258707676 -0.2090337701397269 0.9125190861687307
1305031471.693182 1.5737837679862283 -0.24458060042901558 0.10611898055934471 0.3446705140830254 0.035351149492923194 -0.2125392888392958 0.9136627297044344
1305031471.724753 1.5852315572417481 -0.2640720948288827 0.16346963689221786 0.34743736176238754 0.019487104078526437 -0.2118765711910489 0.9132446829883812
1305031471.753002 1.5646358003757432 -0.2848115520488447 0.11922697948981036 0.34354082653912105 0.029238627774794926 -0.22163146383151053 0.9121426957371125
1305031471.792706 1.5300679864440276 -0.34325571196624277 0.06862918285483928 0.31470572755160825 0.03753171342997739 -0.23673435585025102 0.9184271992343159
1305031471.823821 1.545085056286827 -0.3743866743351131 0.1425912058145884 0.32211494256102746 0.015506878975860705 -0.23744505670417104 0.9163085427573439
1305031471.855793 1.5313625389189247 -0.39711686929226764 0.11796407853598831 0.32193859943252034 0.019962708136867045 -0.24503379562206568 0.9142841284208718
1305031471.892838 1.5215775885111473 -0.4194097294542594 0.11159150106365591 0.3239508835151057 0.02033762053943653 -0.25098907715098356 0.911946648336115
1305031471.924928 1.5041479926911283 -0.4510873322992673 0.09292771369161193 0.3154095219325863 0.02464465187526334 -0.2578290994801462 0.9129258623072639
1305031471.957162 1.4840024982711957 -0.4628341144195696 0.07177695710204779 0.3136507090758328 0.03211020615753442 -0.2633617201778753 0.9117196782463887
1305031471.993177 1.477709509856311 -0.4876958991064273 0.09431839034212518 0.30957393639118286 0.024659812493861406 -0.2662082826577924 0.912517956973683
1305031472.02466 1.478581063243769 -0.5093939775789299 0.11271982438851944 0.3033492221212986 0.018538503625735992 -0.26510868701766 0.9150699193993288
1305031472.058063 1.4640225059115672 -0.5158689928356281 0.08741811997455999 0.30882378239266484 0.02648549153317453 -0.2702139135990907 0.9115431043370343
1305031472.092883 1.4630122450409706 -0.5393250334880189 0.11374091624351887 0.30919467798305167 0.01712638977647247 -0.27379195547716995 0.91057306296429
1305031472.12476 1.4606853608659096 -0.5567826155413842 0.10926482766215956 0.31204640488886276 0.017125755256455877 -0.27718292222680024 0.9085721640731922
1305031472.156982 1.4580002931789475 -0.5676469377097095 0.10043419851016497 0.3134386452315464 0.018383074666737234 -0.2802485021793372 0.9071268132226321
1305031472.19289 1.4549329749876978 -0.5833834451610241 0.10767206328710563 0.30960401082860983 0.014712753493230974 -0.2849877106174673 0.907034120725621
1305031472.224678 1.455329851689438 -0.5955784897532432 0.11964340964031918 0.30473478980690344 0.010913439548305192 -0.28708146943594415 0.9080758969519381
1305031472.256642 1.4523026560142067 -0.5974185096340361 0.11674841795223857 0.30221337021539285 0.011590748227780126 -0.2887964087380543 0.9083663180229531
1305031472.293139 1.4512057004514982 -0.6025048007783702 0.13664251821356735 0.29602516409262275 0.006323513477025459 -0.29012222278089206 0.9100319836411883
1305031472.324844 1.4591539283199233 -0.6121633937252446 0.18566338542718028 0.2900888205873853 -0.00655710717497833 -0.2887070793474339 0.91238900851029
1305031472.360912 1.462244187448475 -0.6149747818226392 0.19906989568038497 0.29255229070766187 -0.010127007741890967 -0.2889310256097135 0.9114984713953251
1305031472.392956 1.4653061860327692 -0.6176433235465293 0.2030930278122107 0.2941779862974675 -0.011897559114228979 -0.29019516122162203 0.9105517716575193
1305031472.424694 1.464942845415428 -0.6147112263057295 0.19219382777986538 0.29258667936897464 -0.007940375786556375 -0.2919249488343025 0.91055467147025
1305031472.460919 1.466823409018178 -0.6078184947645255 0.19434868905389718 0.2929224864307198 -0.00751416294096734 -0.29113123096717863 0.9107044310060629
1305031472.492972 1.463592517432966 -0.6069080275291789 0.1954070339056454 0.29141013981470193 -0.007207466598523262 -0.2910530191843445 0.911216946101248
1305031472.524781 1.458972892787898 -0.6044214524130241 0.19094384449055185 0.29316530818904707 -0.006022841659327545 -0.29224329056489995 0.9102811030514515
1305031472.561296 1.4607884904711035 -0.6060618610240508 0.2167481996336586 0.28947121438852175 -0.012512489125638496 -0.2928988732037314 0.9111860972009502
1305031472.592968 1.464131685171062 -0.6108903251323939 0.2505469397129783 0.2856235707286547 -0.020631546969936364 -0.29271621549860916 0.912310655587236
1305031472.624647 1.4586753631136686 -0.6145739449393004 0.24027305894966752 0.28495151868784685 -0.01816570638763786 -0.29558935405906983 0.911646627194918
1305031472.660836 1.454618103922574 -0.6173202790164131 0.2358649601651816 0.282650437876946 -0.01754785330838022 -0.2975997234983558 0.911721014009187
1305031472.693008 1.4538573908194 -0.6179299269088064 0.24418648919065555 0.28066940967235054 -0.019971333188101664 -0.29834728180137127 0.9120387753635243
1305031472.724752 1.452708614529101 -0.6159687778497819 0.24848129294456134 0.2800114211678201 -0.02103010389759432 -0.2991946625380763 0.91193963213272
1305031472.760654 1.4408408999938935 -0.6223953372571643 0.22754244595266834 0.26647882928250544 -0.014472084907753948 -0.3024586393766305 0.9150400886131086
1305031472.792775 1.4396972865416555 -0.6160639894960155 0.2314092330073944 0.2678008710794317 -0.015263022391582483 -0.30199015415261404 0.9147959774679009
1305031472.824692 1.4358694458762453 -0.6153185319015321 0.23131253695157536 0.265919114647553 -0.015308322492164537 -0.3031826059183143 0.9149497183977475
1305031472.860936 1.4355818420003978 -0.6133318258039892 0.23472149862940425 0.26496096029939104 -0.015964474239677375 -0.3035108092322985 0.9151076514589038
1305031472.892944 1.433811315856178 -0.6190063134855086 0.23274405198656709 0.26290398839363355 -0.015821005481681444 -0.3054858383668041 0.9150462235480783
1305031472.924814 1.429547508840224 -0.6216343428720925 0.21865479745954805 0.2630836582093845 -0.012485576558122345 -0.30805377240853954 0.9141848677734973
1305031472.961213 1.4262496461730323 -0.6304661605451273 0.22126032711522492 0.256745447879491 -0.013563630361154969 -0.30963912602675175 0.9154350957648363
1305031472.992815 1.4232852963197533 -0.6336068355114296 0.2113250250027443 0.2586909726436737 -0.011311683694221697 -0.3118316711943567 0.914172869497234
1305031473.024564 1.423808942364932 -0.6364948289597849 0.2111208053677994 0.25924899001836926 -0.011550538005306504 -0.31273538598580836 0.9137029739464302
1305031473.060795 1.4246798438156298 -0.6335517643261847 0.20803381681241215 0.2597986960467566 -0.010552947239982836 -0.31219896710627787 0.9137423475875069
1305031473.092012 1.4286502091308912 -0.6262670345701511 0.21829784477265443 0.26003568779928593 -0.01297423953870665 -0.30932167560657026 0.9146218951999172
1305031473.124072 1.4274960572303053 -0.6274552239213549 0.21979121288279538 0.2607171652023393 -0.013986307695142915 -0.30943134659322896 0.9143758443394127
1305031473.15842 1.429377430597585 -0.6263575364228201 0.22672965319822655 0.2612983366207532 -0.01575055210922181 -0.30928020309497356 0.9142323858631427
